,amenity,longitude,latitude
0,parking_entrance,-89.5282647,43.0627098
1,parking,-89.403039,43.1526742
2,parking,-89.3170015,43.0517638
3,parking_entrance,-89.3468902,43.1353435
4,parking_entrance,-89.3481822,43.1354191
5,parking_entrance,-89.3473154,43.1353573
6,parking_entrance,-89.3478316,43.1353718
7,school,-89.3945629,43.1383277
8,school,-89.3690058,43.146013
9,school,-89.3076171,43.0986068
10,school,-89.2649071,43.0597076
11,school,-89.3575865,43.086149
12,school,-89.4746197,43.0333441
13,school,-89.3621885,43.1177357
14,school,-89.3159506,43.0897181
15,school,-89.4223697,43.0666982
16,post_office,-89.38159,43.0732668
17,parking_entrance,-89.3896842,43.0735918
18,parking_entrance,-89.3889523,43.073086
19,parking_entrance,-89.3879131,43.0757035
20,parking_entrance,-89.3877319,43.0755643
21,prison,-89.3835213,43.0717914
22,recycling,-89.4400097,43.0849947
23,bench,-89.4337975,43.0916391
24,bench,-89.4325101,43.091806
25,toilets,-89.4200098,43.087229
26,bench,-89.4156248,43.0897101
27,toilets,-89.433357,43.0865528
28,post_box,-89.4116552,43.0732643
29,bench,-89.4150327,43.0752945
30,letter_box,-89.4355221,43.0838253
31,letter_box,-89.4341993,43.0842533
32,letter_box,-89.4400122,43.0854537
33,letter_box,-89.4402914,43.0848506
34,letter_box,-89.4402565,43.085148
35,bicycle_parking,-89.4145571,43.0757315
36,recycling,-89.4365041,43.0859669
37,letter_box,-89.4395706,43.0857685
38,recycling,-89.4396053,43.0855188
39,letter_box,-89.4396734,43.0847987
40,letter_box,-89.4368899,43.0855934
41,atm,-89.4143656,43.0776963
42,loading_dock,-89.4055646,43.0764263
43,letter_box,-89.4375827,43.0872326
44,recycling,-89.4374181,43.0873528
45,letter_box,-89.4377804,43.0867134
46,letter_box,-89.4380872,43.0865284
47,recycling,-89.4399591,43.0859953
48,letter_box,-89.4402437,43.085706
49,letter_box,-89.4409328,43.0844029
50,recycling,-89.4409077,43.084562
51,recycling,-89.4412439,43.0830526
52,recycling,-89.4390263,43.0855102
53,letter_box,-89.4377546,43.0859144
54,recycling,-89.4377545,43.0859819
55,bench,-89.4035211,43.077326
56,parking_entrance,-89.5236934,43.0720191
57,recycling,-89.4406914,43.0859872
58,restaurant,-89.4667398,43.0754979
59,bench,-89.4107908,43.0759325
60,police,-89.4096648,43.0759249
61,post_box,-89.4084283,43.0735274
62,post_box,-89.3177762,43.0987662
63,fuel,-89.4619083,43.0309998
64,fast_food,-89.4984216,43.0148736
65,bar,-89.3548488,43.0321826
66,fast_food,-89.5039573,43.0497886
67,fast_food,-89.5025843,43.0483301
68,fast_food,-89.4984131,43.0147175
69,fuel,-89.4558705,43.0352318
70,bank,-89.4570327,43.0345727
71,fuel,-89.5025042,43.0570401
72,restaurant,-89.5048026,43.0614284
73,place_of_worship,-89.3878767,43.0769759
74,fast_food,-89.5049127,43.05826
75,fast_food,-89.5048819,43.0585134
76,fast_food,-89.5052428,43.0583478
77,fast_food,-89.5050426,43.0582586
78,bar,-89.36254,43.0846749
79,cafe,-89.3658896,43.0819904
80,fast_food,-89.5050524,43.058526
81,restaurant,-89.5049543,43.0574728
82,fast_food,-89.398824,43.0572764
83,restaurant,-89.3648813,43.0830613
84,school,-89.3569856,43.0865486
85,post_box,-89.3625858,43.0844052
86,restaurant,-89.302764,43.0440261
87,post_box,-89.370641,43.0777086
88,fuel,-89.2999507,43.1331021
89,fast_food,-89.267313,43.0444168
90,pub,-89.2873448,43.1072203
91,school,-89.4758642,43.0333206
92,cafe,-89.3839609,43.077353
93,atm,-89.3630053,43.0837446
94,fast_food,-89.5191011,43.0745821
95,library,-89.5175827,43.0760994
96,cafe,-89.5134753,43.0597013
97,restaurant,-89.4236441,43.0682616
98,school,-89.3631068,43.1178073
99,fast_food,-89.3630161,43.1277867
100,bar,-89.3219992,43.0834244
101,library,-89.4609203,43.0742859
102,restaurant,-89.3608596,43.0855479
103,restaurant,-89.3413101,43.0940243
104,restaurant,-89.3250669,43.1159191
105,bank,-89.3310034,43.1133456
106,social_facility,-89.3612534,43.1132335
107,ice_cream,-89.3930527,43.0749417
108,post_box,-89.300576,43.0848911
109,cafe,-89.3241281,43.0786263
110,fast_food,-89.5190733,43.0611135
111,restaurant,-89.5135864,43.057809
112,restaurant,-89.3555633,43.0922734
113,library,-89.4009983,43.0766467
114,parking,-89.4009771,43.076776
115,parking_entrance,-89.4538513,43.0332617
116,parking_entrance,-89.4548485,43.0319007
117,parking_entrance,-89.4538252,43.0329194
118,parking_entrance,-89.4544464,43.0319635
119,parking_entrance,-89.3988452,43.0683927
120,parking_entrance,-89.3971992,43.067958
121,parking_entrance,-89.3992444,43.0668375
122,parking_entrance,-89.3992504,43.0669832
123,bar,-89.3970499,43.0733833
124,restaurant,-89.3906454,43.0749111
125,fast_food,-89.3929665,43.0737598
126,restaurant,-89.3962468,43.0733695
127,place_of_worship,-89.3976086,43.0747587
128,bar,-89.3971627,43.0756637
129,cafe,-89.3872117,43.074836
130,parking_entrance,-89.3833439,43.0772914
131,parking_entrance,-89.3828386,43.0778094
132,restaurant,-89.393526,43.0724359
133,restaurant,-89.4075699,43.0674704
134,parking_entrance,-89.3790795,43.0726907
135,fuel,-89.3594483,43.0979923
136,bank,-89.3837773,43.0731849
137,restaurant,-89.3844786,43.073022
138,bar,-89.3844171,43.0727008
139,cafe,-89.3858729,43.0732274
140,bank,-89.3831617,43.0735511
141,cafe,-89.3827265,43.0739037
142,pharmacy,-89.3821932,43.0742673
143,bar,-89.3770758,43.0757386
144,bar,-89.3763609,43.0762245
145,pharmacy,-89.4775084,43.0324431
146,bank,-89.4793644,43.0323881
147,fast_food,-89.3013636,43.1270253
148,parking_entrance,-89.2855471,43.1392685
149,parking_entrance,-89.2850914,43.1385397
150,bar,-89.2850385,43.1416379
151,bank,-89.2868597,43.1401075
152,bank,-89.2906336,43.134768
153,fuel,-89.2879434,43.1477476
154,fast_food,-89.3230038,43.1174167
155,fuel,-89.3244758,43.120817
156,restaurant,-89.3142034,43.1232264
157,restaurant,-89.3148444,43.122831
158,bank,-89.3091462,43.1247123
159,bank,-89.3135101,43.12362
160,cafe,-89.3088511,43.123017
161,fast_food,-89.3056115,43.0472058
162,restaurant,-89.477997,43.0324324
163,fuel,-89.3018911,43.1336328
164,fuel,-89.3640378,43.110719
165,parking_entrance,-89.4307741,43.075973
166,parking_entrance,-89.4307725,43.0760809
167,drinking_water,-89.4100793,43.0592687
168,toilets,-89.4100205,43.0592354
169,fuel,-89.3209073,43.0978472
170,pharmacy,-89.3923871,43.0685549
171,toilets,-89.4417797,43.0682423
172,school,-89.3700629,43.1464827
173,restaurant,-89.4288529,43.0567739
174,parking_entrance,-89.4519363,43.0738166
175,fast_food,-89.5249397,43.0731586
176,restaurant,-89.5250481,43.0732838
177,restaurant,-89.5264619,43.0731731
178,parking,-89.4221225,43.0666772
179,pub,-89.3762962,43.0797191
180,pub,-89.3763834,43.0798047
181,cafe,-89.4474686,43.0749786
182,library,-89.4505289,43.0537698
183,post_box,-89.4364244,43.0680885
184,public_bookcase,-89.4237211,43.0682921
185,fuel,-89.3475535,43.1111214
186,atm,-89.3493237,43.1129776
187,bank,-89.3496349,43.1130011
188,bank,-89.3492272,43.1111449
189,atm,-89.349431,43.1111762
190,car_wash,-89.3483154,43.1110855
191,bank,-89.3562868,43.1287025
192,atm,-89.3565443,43.1287495
193,toilets,-89.368714,43.1016545
194,drinking_water,-89.4237204,43.0681173
195,drinking_water,-89.4099519,43.0720734
196,restaurant,-89.4958514,43.0554234
197,cafe,-89.3889896,43.056188
198,restaurant,-89.3931402,43.0753805
199,fast_food,-89.496713,43.0604102
200,food_court,-89.5050074,43.0583874
201,bench,-89.4379825,43.0550507
202,fountain,-89.42257,43.0583622
203,post_box,-89.4358978,43.0526069
204,post_box,-89.4173906,43.064636
205,post_box,-89.423399,43.0678381
206,post_box,-89.4283577,43.0720149
207,post_box,-89.4450383,43.0608225
208,post_box,-89.4509915,43.0458781
209,post_box,-89.4513317,43.0496496
210,post_box,-89.458743,43.0537037
211,post_box,-89.4514705,43.0684918
212,drinking_water,-89.4379195,43.0551108
213,vending_machine,-89.3750914,43.0757315
214,restaurant,-89.3962317,43.0749885
215,fast_food,-89.3964659,43.0749941
216,fast_food,-89.3966712,43.074999
217,bank,-89.3968374,43.0750029
218,bar,-89.3244342,43.1199361
219,bicycle_parking,-89.4047033,43.0749196
220,drinking_water,-89.4788866,43.0714984
221,drinking_water,-89.4871067,43.0731161
222,drinking_water,-89.5089935,43.0818579
223,drinking_water,-89.4705119,43.0806002
224,drinking_water,-89.4582319,43.051019
225,parking,-89.4307349,43.0777788
226,restaurant,-89.3500185,43.1028788
227,cafe,-89.3497852,43.1031676
228,place_of_worship,-89.3504061,43.1041203
229,place_of_worship,-89.3573168,43.0981785
230,fast_food,-89.357062,43.0983939
231,bar,-89.3556328,43.0922194
232,restaurant,-89.3455972,43.1030032
233,toilets,-89.3549018,43.1037259
234,parking,-89.4178007,43.0737473
235,parking,-89.4018132,43.0727789
236,parking,-89.4021677,43.0761891
237,parking,-89.3966741,43.0727456
238,parking_entrance,-89.3964875,43.0726428
239,parking_entrance,-89.3964887,43.0725953
240,parking_entrance,-89.4003686,43.068419
241,parking_entrance,-89.4007559,43.07662
242,parking_entrance,-89.4007507,43.0767442
243,parking_entrance,-89.4007576,43.0765811
244,parking_entrance,-89.4007508,43.0767853
245,cafe,-89.3572209,43.0984978
246,parking,-89.4080381,43.0712331
247,parking_entrance,-89.4080175,43.0712078
248,parking,-89.4124057,43.0761372
249,fountain,-89.5190582,43.0486936
250,fuel,-89.5025621,43.0505846
251,theatre,-89.4172712,43.06555
252,place_of_worship,-89.4146199,43.0644983
253,parking,-89.4095705,43.0753889
254,restaurant,-89.3599872,43.1288968
255,post_box,-89.3643588,43.113347
256,atm,-89.3642519,43.1130828
257,restaurant,-89.3606275,43.1291328
258,post_office,-89.3618486,43.112934
259,bench,-89.3682859,43.101874
260,boat_storage,-89.368614,43.1025147
261,toilets,-89.3792725,43.1282654
262,toilets,-89.37578,43.1246047
263,bench,-89.3785641,43.127641
264,toilets,-89.3670157,43.0919038
265,police,-89.383854,43.0717384
266,fuel,-89.3419144,43.103848
267,cafe,-89.4097802,43.0719447
268,drinking_water,-89.4098177,43.0725364
269,atm,-89.4086373,43.072211
270,bicycle_parking,-89.4100893,43.0726384
271,restaurant,-89.374376,43.0768634
272,restaurant,-89.324153,43.1201595
273,cafe,-89.3819099,43.0748529
274,parking_entrance,-89.2913332,43.159516
275,drinking_water,-89.45505,43.048725
276,parking_entrance,-89.4699905,43.0525888
277,parking_entrance,-89.4708206,43.0533911
278,fast_food,-89.5050482,43.0614255
279,place_of_worship,-89.3771401,43.1376511
280,place_of_worship,-89.3774663,43.1369526
281,pub,-89.3800844,43.0744806
282,drinking_water,-89.4352433,43.024841
283,drinking_water,-89.419499,43.031229
284,drinking_water,-89.503204,43.03797
285,drinking_water,-89.3999,43.04754
286,drinking_water,-89.46195,43.05647
287,drinking_water,-89.3892859,43.0568707
288,drinking_water,-89.3889883,43.0649641
289,drinking_water,-89.3869164,43.067396
290,drinking_water,-89.3766521,43.0745848
291,drinking_water,-89.4341463,43.0790767
292,drinking_water,-89.370575,43.09485
293,drinking_water,-89.4598142,43.0392756
294,drinking_water,-89.458275,43.050915
295,drinking_water,-89.4138115,43.0589038
296,drinking_water,-89.41746,43.06453
297,drinking_water,-89.4788292,43.0714671
298,drinking_water,-89.4703,43.080563
299,drinking_water,-89.50885,43.081776
300,bar,-89.380871,43.074761
301,bank,-89.3555412,43.091842
302,restaurant,-89.3889332,43.0717281
303,restaurant,-89.3892309,43.0719063
304,restaurant,-89.3846171,43.0725745
305,bar,-89.3847038,43.0725197
306,bar,-89.3847724,43.0724763
307,restaurant,-89.3823423,43.0735991
308,restaurant,-89.3813335,43.0739627
309,restaurant,-89.3815584,43.0742033
310,restaurant,-89.3810611,43.0742056
311,bar,-89.3809797,43.0747574
312,restaurant,-89.3822086,43.0750845
313,restaurant,-89.3823625,43.0751997
314,restaurant,-89.3836293,43.0761429
315,school,-89.3835261,43.0761812
316,bank,-89.3843674,43.0763552
317,restaurant,-89.3861343,43.0751039
318,ice_cream,-89.4134461,43.0749419
319,restaurant,-89.3937539,43.0744822
320,restaurant,-89.3962486,43.074779
321,fast_food,-89.3946907,43.0747519
322,restaurant,-89.393973,43.0747325
323,restaurant,-89.3932394,43.0751858
324,restaurant,-89.3932398,43.0745076
325,restaurant,-89.3891854,43.0748938
326,pub,-89.3766691,43.0760285
327,restaurant,-89.3772044,43.0755982
328,restaurant,-89.3804113,43.0728585
329,post_box,-89.3973013,43.0744644
330,restaurant,-89.399408,43.0764595
331,fast_food,-89.3998306,43.0763301
332,bar,-89.4000259,43.0763315
333,ice_cream,-89.3992301,43.0763988
334,bar,-89.3904428,43.0753252
335,nightclub,-89.3901204,43.0750702
336,bar,-89.3925204,43.0744011
337,bar,-89.3931068,43.0739926
338,bar,-89.3937801,43.0750179
339,cafe,-89.3988887,43.0730129
340,restaurant,-89.3983997,43.0730316
341,pharmacy,-89.398893,43.0723327
342,cafe,-89.4038985,43.0723321
343,restaurant,-89.4076626,43.0725698
344,cafe,-89.4075991,43.0731655
345,restaurant,-89.4093442,43.0731951
346,fast_food,-89.4092323,43.07319
347,bar,-89.4092673,43.0730776
348,clinic,-89.3880463,43.0714827
349,restaurant,-89.4010025,43.061128
350,restaurant,-89.4010189,43.0607967
351,restaurant,-89.4010861,43.0606166
352,restaurant,-89.4010119,43.0603615
353,restaurant,-89.3974839,43.0555568
354,restaurant,-89.4280731,43.0570264
355,pub,-89.4355911,43.0528871
356,restaurant,-89.3709661,43.0784283
357,restaurant,-89.379736,43.0745065
358,parking_entrance,-89.3815636,43.0707231
359,parking_entrance,-89.3732843,43.0764024
360,parking_entrance,-89.4079589,43.0705089
361,parking_entrance,-89.4113737,43.0754206
362,parking_entrance,-89.4095366,43.0753873
363,parking_entrance,-89.409601,43.0753873
364,library,-89.34641,43.101626
365,fast_food,-89.345745,43.10288
366,cafe,-89.4033849,43.0729329
367,fast_food,-89.3951684,43.06775
368,fast_food,-89.383749,43.0767739
369,ice_cream,-89.4507947,43.0543278
370,cafe,-89.4508056,43.0541256
371,shelter,-89.354178,43.106184
372,bench,-89.4214982,43.0779909
373,bench,-89.4253226,43.0804997
374,bench,-89.4211963,43.0779541
375,parking,-89.2597732,43.0427779
376,fast_food,-89.4059031,43.0711528
377,bicycle_rental,-89.4690688,43.0766876
378,pub,-89.4077874,43.0715321
379,ice_cream,-89.4078314,43.0718949
380,bank,-89.4077469,43.0718431
381,cafe,-89.4079064,43.0719557
382,restaurant,-89.4080244,43.0718283
383,restaurant,-89.4081263,43.0718851
384,restaurant,-89.4082041,43.0719204
385,cinema,-89.4078259,43.0717715
386,cafe,-89.4691674,43.0761375
387,fast_food,-89.5038842,43.0494483
388,cafe,-89.3920606,43.0749264
389,drinking_water,-89.3977781,43.0633027
390,toilets,-89.397939,43.0633155
391,restaurant,-89.3744672,43.0759042
392,library,-89.4011389,43.0756308
393,library,-89.4010612,43.0760579
394,bicycle_rental,-89.4063551,43.0735587
395,drinking_water,-89.3343668,43.0923023
396,parking_entrance,-89.3993632,43.0682087
397,parking_entrance,-89.3993618,43.0682351
398,parking_entrance,-89.4120483,43.0714896
399,parking_entrance,-89.4120475,43.0715537
400,parking_entrance,-89.4124064,43.0721305
401,parking_entrance,-89.4123447,43.07213
402,toilets,-89.410949,43.0580769
403,bench,-89.4108417,43.0578241
404,toilets,-89.4137488,43.0588722
405,restaurant,-89.4005087,43.0600163
406,bar,-89.4010235,43.0628069
407,restaurant,-89.4508606,43.0546338
408,parking_entrance,-89.4021571,43.0762044
409,fast_food,-89.4003564,43.0592
410,theatre,-89.3290363,43.1215713
411,parking,-89.4288134,43.0412596
412,parking_entrance,-89.3959851,43.0738952
413,parking_entrance,-89.395977,43.0742231
414,parking_entrance,-89.4178462,43.0738639
415,fast_food,-89.3488523,43.1008237
416,library,-89.3624003,43.1277872
417,social_facility,-89.3617405,43.1277664
418,fuel,-89.3717979,43.1339388
419,parking_entrance,-89.3890097,43.0735345
420,parking_entrance,-89.4143143,43.0758296
421,parking_entrance,-89.4014377,43.077079
422,library,-89.4790028,43.0324678
423,restaurant,-89.4980645,43.0321661
424,restaurant,-89.3899289,43.0792077
425,restaurant,-89.390294,43.0794381
426,restaurant,-89.3906212,43.0793328
427,cafe,-89.3895851,43.0792159
428,fast_food,-89.401413,43.0677757
429,restaurant,-89.4018411,43.0677765
430,restaurant,-89.401672,43.0677736
431,fast_food,-89.401242,43.0677974
432,bicycle_parking,-89.4067725,43.0702794
433,bicycle_parking,-89.4066141,43.0707298
434,bicycle_parking,-89.4077077,43.0712387
435,bicycle_parking,-89.410673,43.0740343
436,bicycle_rental,-89.407812,43.0720836
437,parking_entrance,-89.4085419,43.0739598
438,parking_entrance,-89.4086073,43.0739602
439,cafe,-89.502136,43.058856
440,bank,-89.5022223,43.0593155
441,car_wash,-89.359124,43.098319
442,cafe,-89.343946,43.103681
443,bench,-89.4863498,43.0688631
444,parking_entrance,-89.4813534,43.0622798
445,parking_entrance,-89.4814298,43.0622809
446,parking_entrance,-89.4841357,43.0610683
447,post_box,-89.4957946,43.0484398
448,post_box,-89.4957937,43.0484762
449,post_box,-89.4957937,43.0484954
450,fast_food,-89.386828,43.0746234
451,restaurant,-89.3899367,43.074596
452,cafe,-89.387318,43.0746389
453,restaurant,-89.3944371,43.0749777
454,fast_food,-89.495953,43.0566792
455,cafe,-89.4947061,43.0562537
456,fast_food,-89.5033331,43.0602293
457,social_facility,-89.3797902,43.1363491
458,post_office,-89.4950591,43.0565995
459,bar,-89.4063095,43.0679095
460,restaurant,-89.3869689,43.0748378
461,bar,-89.3699612,43.0794482
462,parking,-89.4177587,43.0649326
463,parking,-89.4170919,43.065312
464,parking_entrance,-89.3819099,43.0711167
465,restaurant,-89.5175333,43.0752791
466,fast_food,-89.496578,43.0613652
467,fast_food,-89.4964633,43.061363
468,fast_food,-89.4958053,43.0612684
469,restaurant,-89.4965423,43.0616034
470,fast_food,-89.5041974,43.0498254
471,public_bookcase,-89.3630813,43.083702
472,parking_entrance,-89.5181921,43.0575739
473,parking_entrance,-89.5185676,43.0578499
474,parking_entrance,-89.5182304,43.0584123
475,fast_food,-89.5021244,43.0590273
476,bicycle_rental,-89.3514147,43.0924165
477,parking_entrance,-89.4519477,43.0714971
478,parking_entrance,-89.4519691,43.0725643
479,parking_entrance,-89.4541592,43.0742766
480,parking_entrance,-89.4535886,43.07453
481,fountain,-89.4515444,43.0749522
482,parking_entrance,-89.4541748,43.0751138
483,parking_entrance,-89.48381,43.0618718
484,parking_entrance,-89.4833605,43.0621092
485,parking_entrance,-89.479673,43.0626103
486,parking_entrance,-89.4801831,43.0626247
487,restaurant,-89.520794,43.0613058
488,parking_entrance,-89.4018522,43.0657088
489,parking_entrance,-89.4022476,43.0664161
490,parking_entrance,-89.4017566,43.0664187
491,parking_entrance,-89.4017568,43.0664494
492,parking_entrance,-89.4000613,43.0666563
493,fuel,-89.4052405,43.0684681
494,fast_food,-89.408834,43.0679998
495,post_office,-89.4086277,43.0678771
496,restaurant,-89.4088044,43.0678992
497,restaurant,-89.4756186,43.0830999
498,college,-89.4814717,43.0599015
499,restaurant,-89.4990851,43.0571361
500,ice_cream,-89.4975235,43.056983
501,restaurant,-89.4995001,43.0571182
502,restaurant,-89.500723,43.0571305
503,atm,-89.4917228,43.0598348
504,parking_entrance,-89.474263,43.0526759
505,parking_entrance,-89.4743741,43.0526762
506,fast_food,-89.4755958,43.0519646
507,restaurant,-89.474496,43.0503974
508,bench,-89.4514592,43.0461719
509,bench,-89.451421,43.0461846
510,bicycle_repair_station,-89.4514456,43.0461958
511,bicycle_parking,-89.4514175,43.0462142
512,bench,-89.4239119,43.0680366
513,bench,-89.4239113,43.0680515
514,car_sharing,-89.4233739,43.0762954
515,bicycle_repair_station,-89.3590743,43.0879965
516,restaurant,-89.393101,43.0754361
517,cafe,-89.427995,43.058006
518,bicycle_rental,-89.4042559,43.0571816
519,bicycle_rental,-89.394249,43.0673945
520,bicycle_rental,-89.414085,43.067595
521,bicycle_rental,-89.41761,43.0648239
522,clock,-89.4121987,43.067953
523,bicycle_rental,-89.401305,43.0695924
524,loading_dock,-89.3988168,43.0684415
525,bicycle_parking,-89.2928085,43.0600326
526,fast_food,-89.3977177,43.0747955
527,bicycle_rental,-89.3969137,43.0757597
528,bicycle_rental,-89.3840747,43.0729575
529,bicycle_rental,-89.3878578,43.0736388
530,bicycle_rental,-89.3852776,43.0757514
531,bicycle_rental,-89.3966127,43.0747423
532,bicycle_rental,-89.4006116,43.0770289
533,bicycle_rental,-89.3924673,43.0752953
534,bicycle_rental,-89.397276,43.0729373
535,bicycle_rental,-89.4309024,43.0772071
536,post_box,-89.3882681,43.0733497
537,post_box,-89.3862529,43.0734172
538,post_box,-89.3862632,43.0734235
539,post_box,-89.3867369,43.0730049
540,post_box,-89.3866465,43.0749967
541,post_box,-89.384957,43.0724688
542,post_box,-89.3823131,43.0729413
543,vending_machine,-89.3868714,43.0738309
544,vending_machine,-89.3857507,43.0737362
545,vending_machine,-89.3866164,43.0730729
546,vending_machine,-89.3858809,43.0730868
547,vending_machine,-89.3858338,43.0728524
548,vending_machine,-89.3853821,43.0727204
549,vending_machine,-89.3856051,43.0721447
550,vending_machine,-89.3856835,43.0719785
551,vending_machine,-89.3878754,43.0744143
552,vending_machine,-89.387726,43.0745141
553,vending_machine,-89.3914859,43.0750854
554,vending_machine,-89.3847736,43.0726189
555,cafe,-89.4706186,43.0779348
556,parking_entrance,-89.4683722,43.0736848
557,fast_food,-89.485822,43.0612077
558,restaurant,-89.3941015,43.0745402
559,parking_entrance,-89.5269041,43.0735309
560,parking_entrance,-89.5280066,43.0632655
561,parking_entrance,-89.528209,43.0633759
562,drinking_water,-89.3526225,43.1085475
563,pub,-89.3456878,43.1359639
564,bar,-89.3454641,43.1360997
565,parking_entrance,-89.4091572,43.0695376
566,bicycle_parking,-89.4067261,43.0707032
567,bicycle_parking,-89.4063252,43.0711542
568,bicycle_parking,-89.4060021,43.0724411
569,post_box,-89.4070332,43.0766678
570,fountain,-89.3927321,43.0750385
571,drinking_water,-89.3490626,43.1328436
572,bench,-89.3490996,43.1328512
573,bench,-89.3491565,43.1328529
574,bench,-89.3490989,43.1328813
575,bench,-89.3491558,43.1328827
576,bench,-89.3482063,43.1341493
577,parking_entrance,-89.3481284,43.1365599
578,bench,-89.4870784,43.0690662
579,bench,-89.4880194,43.0692417
580,bench,-89.4871883,43.0719157
581,library,-89.4297886,43.0777498
582,parking_entrance,-89.4083987,43.0706045
583,bicycle_repair_station,-89.4297365,43.0780663
584,parking_entrance,-89.4969486,43.0546907
585,parking_entrance,-89.497955,43.0547784
586,post_box,-89.4921857,43.0591118
587,restaurant,-89.4178509,43.0779167
588,cafe,-89.4177062,43.0775978
589,public_bookcase,-89.4239939,43.0708859
590,restaurant,-89.4280026,43.0722646
591,public_bookcase,-89.4269965,43.0711964
592,public_bookcase,-89.4197511,43.0652885
593,restaurant,-89.5031916,43.0652584
594,dentist,-89.5031901,43.0653052
595,training,-89.5031974,43.0649798
596,restaurant,-89.4959479,43.0612749
597,clock,-89.4960381,43.0613198
598,toilets,-89.5049701,43.0581491
599,atm,-89.5047661,43.0584385
600,cafe,-89.5053889,43.0584921
601,charging_station,-89.4262615,43.0757798
602,bicycle_parking,-89.4923816,43.0676832
603,restaurant,-89.429759,43.0724582
604,parking_entrance,-89.4223381,43.0589149
605,fast_food,-89.4068088,43.0363334
606,library,-89.3944314,43.0413214
607,public_bookcase,-89.3484038,43.0936088
608,toilets,-89.5065976,43.0565573
609,atm,-89.5018318,43.0591288
610,atm,-89.5023038,43.0605035
611,public_bookcase,-89.4254535,43.0633532
612,public_bookcase,-89.4878429,43.0881348
613,shelter,-89.4612842,43.023848
614,parking_entrance,-89.4078327,43.0681415
615,parking_entrance,-89.4084295,43.0680309
616,public_bookcase,-89.419828,43.0700338
617,parking_entrance,-89.4073573,43.0752497
618,parking,-89.4113782,43.075483
619,parking_entrance,-89.3837558,43.0775955
620,parking_entrance,-89.3648064,43.083358
621,parking_entrance,-89.3661822,43.0814332
622,parking_entrance,-89.3839734,43.0772291
623,parking_entrance,-89.3842181,43.0781156
624,fast_food,-89.5054157,43.0574693
625,toilets,-89.5051822,43.0570762
626,fast_food,-89.5028166,43.0482917
627,fast_food,-89.5038923,43.0493757
628,restaurant,-89.5037071,43.0489426
629,veterinary,-89.5039217,43.0503851
630,fast_food,-89.5038548,43.0508261
631,parking_entrance,-89.3696942,43.0453843
632,parking_entrance,-89.4305794,43.0768254
633,fountain,-89.5159441,43.0558973
634,restaurant,-89.5288853,43.0753039
635,cafe,-89.5294745,43.0752907
636,fast_food,-89.5189271,43.0610928
637,training,-89.3989036,43.0726528
638,restaurant,-89.5001446,43.0571595
639,restaurant,-89.5188208,43.0610914
640,dentist,-89.4950582,43.0567316
641,car_rental,-89.4944205,43.0560642
642,car_rental,-89.492503,43.0553622
643,restaurant,-89.4943402,43.056001
644,bicycle_parking,-89.4073005,43.0717074
645,bicycle_parking,-89.4084518,43.0717841
646,bicycle_parking,-89.4087959,43.0720044
647,bicycle_parking,-89.403972,43.0757761
648,bicycle_parking,-89.411516,43.0763322
649,bicycle_parking,-89.4065422,43.076604
650,bicycle_parking,-89.4064716,43.0767296
651,bicycle_parking,-89.4122384,43.0775885
652,bicycle_parking,-89.4114637,43.0776443
653,bicycle_parking,-89.4114395,43.0780511
654,parking_entrance,-89.4284643,43.080362
655,parking_entrance,-89.4284649,43.0803189
656,parking_entrance,-89.4284783,43.0793671
657,parking_entrance,-89.4284776,43.0794165
658,coworking_space,-89.3834224,43.0760237
659,bicycle_rental,-89.3367328,43.0929787
660,bicycle_rental,-89.3744071,43.0476492
661,restaurant,-89.3949011,43.0747548
662,cafe,-89.3956414,43.0747616
663,fast_food,-89.3953336,43.0747626
664,bar,-89.3961113,43.0749852
665,fast_food,-89.395186,43.0749915
666,parking_entrance,-89.5289847,43.0250746
667,shelter,-89.295711,43.0881231
668,parking_entrance,-89.3756368,43.0776549
669,library,-89.3839356,43.0712407
670,parking_entrance,-89.4059539,43.0585882
671,parking_entrance,-89.405278,43.0585887
672,fast_food,-89.4341435,43.0731682
673,kindergarten,-89.4979686,43.053903
674,place_of_worship,-89.4969587,43.054198
675,childcare,-89.4891911,43.0559673
676,place_of_worship,-89.4972592,43.0541402
677,restaurant,-89.4978881,43.0562911
678,clinic,-89.4917217,43.0571995
679,dentist,-89.4891656,43.0538158
680,post_box,-89.4891951,43.0552421
681,parking_entrance,-89.5161765,43.0555168
682,restaurant,-89.4955137,43.0583386
683,bench,-89.3855358,43.0747826
684,bench,-89.3855422,43.0746405
685,bench,-89.3848409,43.0753345
686,bench,-89.3850197,43.0752054
687,bench,-89.3850484,43.0742018
688,bench,-89.3848607,43.0740646
689,bench,-89.3840919,43.0736757
690,bench,-89.3842907,43.0736902
691,bench,-89.3834957,43.074042
692,bench,-89.383315,43.0741766
693,bench,-89.3827908,43.0746036
694,bench,-89.3827864,43.0747416
695,bench,-89.3832919,43.0751849
696,bench,-89.3834626,43.0753157
697,bench,-89.3841023,43.0756814
698,bench,-89.3842016,43.0756823
699,parking_entrance,-89.4584257,43.0742435
700,parking_entrance,-89.4519682,43.0728533
701,telephone,-89.3796409,43.0719539
702,parking_entrance,-89.3790338,43.0726593
703,restaurant,-89.3940517,43.0747343
704,pub,-89.3945871,43.0747499
705,fast_food,-89.3946827,43.0749767
706,fast_food,-89.3943515,43.0749694
707,bar,-89.3948319,43.0749699
708,dentist,-89.2675265,43.0853582
709,bank,-89.2671923,43.0853346
710,fast_food,-89.277628,43.085121
711,dentist,-89.280211,43.0849545
712,fountain,-89.2793574,43.0858644
713,dentist,-89.2776441,43.0849828
714,bench,-89.4963762,43.0466219
715,parking_entrance,-89.4080626,43.0712082
716,bank,-89.5237409,43.0781706
717,parking_entrance,-89.3982511,43.0721689
718,parking_entrance,-89.3976461,43.0724744
719,parking_entrance,-89.3976456,43.0725194
720,toilets,-89.4098794,43.0741303
721,clinic,-89.3946317,43.0412911
722,fuel,-89.2975575,43.1059833
723,community_centre,-89.3490335,43.1263134
724,school,-89.3543448,43.1165569
725,fountain,-89.3803038,43.0717546
726,fast_food,-89.3826377,43.073242
727,fast_food,-89.3836217,43.0732567
728,parking_entrance,-89.4308075,43.0723799
729,parking_entrance,-89.3745023,43.0818985
730,bench,-89.4014152,43.0731344
731,bench,-89.4014541,43.0731352
732,waste_basket,-89.4060407,43.0751757
733,bench,-89.4065126,43.0752398
734,bench,-89.4066306,43.0752408
735,bench,-89.4065123,43.0752618
736,bench,-89.4066303,43.0752628
737,bench,-89.4065119,43.0752849
738,bench,-89.40663,43.0752858
739,bicycle_parking,-89.4117836,43.0773928
740,bench,-89.4114159,43.0774093
741,bench,-89.4119521,43.077572
742,waste_basket,-89.4120038,43.077572
743,bench,-89.4111933,43.0777387
744,post_box,-89.4112825,43.0777387
745,waste_basket,-89.4112983,43.077739
746,waste_basket,-89.4110295,43.0779627
747,bar,-89.3546345,43.0924708
748,bench,-89.4989815,43.0706552
749,public_bookcase,-89.4989828,43.0706669
750,bench,-89.3652641,43.0840891
751,bench,-89.3653164,43.0841287
752,community_centre,-89.3985138,43.0764686
753,restaurant,-89.3641615,43.0944579
754,ice_cream,-89.3641369,43.0945861
755,restaurant,-89.3648924,43.101573
756,bicycle_parking,-89.5065647,43.0610726
757,bicycle_repair_station,-89.3704495,43.0447143
758,bench,-89.3704281,43.0446852
759,bench,-89.3703956,43.0446956
760,bar,-89.3967408,43.0734158
761,bar,-89.3963757,43.0733731
762,restaurant,-89.3916633,43.0750275
763,waste_basket,-89.4104665,43.0728942
764,waste_basket,-89.4048182,43.0758735
765,bench,-89.4048062,43.0758732
766,bicycle_parking,-89.4047917,43.0760823
767,waste_basket,-89.405635,43.076098
768,bench,-89.4048561,43.0761374
769,bench,-89.4048467,43.076109
770,bench,-89.4048702,43.076087
771,bench,-89.4048568,43.0760576
772,bench,-89.4048776,43.0760341
773,waste_basket,-89.402673,43.0760811
774,bicycle_parking,-89.4026964,43.0760086
775,bench,-89.4023742,43.0762212
776,bench,-89.4024296,43.0761729
777,bench,-89.4024604,43.0761009
778,bench,-89.4024024,43.0761159
779,bench,-89.4018611,43.0759586
780,bench,-89.4018569,43.0759319
781,waste_basket,-89.4008837,43.0762142
782,bench,-89.4001919,43.0761071
783,bench,-89.4152794,43.0660195
784,bench,-89.4092301,43.0676633
785,waste_basket,-89.4091744,43.0676954
786,waste_basket,-89.4092733,43.0678392
787,waste_basket,-89.4074829,43.0676734
788,waste_basket,-89.4071453,43.0678132
789,atm,-89.3456479,43.135794
790,baking_oven,-89.3431773,43.096575
791,police,-89.3826855,43.0722036
792,restaurant,-89.3338335,43.0987891
793,fuel,-89.3321975,43.0994158
794,restaurant,-89.3341657,43.0985655
795,pharmacy,-89.3062073,43.1191462
796,pharmacy,-89.5248651,43.062012
797,parking_entrance,-89.5549359,43.062533
798,parking_entrance,-89.5535882,43.062537
799,kindergarten,-89.5040032,43.0639125
800,dentist,-89.5034185,43.0641379
801,veterinary,-89.5036331,43.0642202
802,bicycle_parking,-89.4966537,43.0602175
803,restaurant,-89.5116931,43.0611416
804,restaurant,-89.3955951,43.074443
805,restaurant,-89.3950557,43.0682597
806,parking_entrance,-89.4345276,43.0731854
807,fountain,-89.4079373,43.0713435
808,parking_entrance,-89.2862273,43.1379161
809,parking_entrance,-89.286498,43.137916
810,parking_entrance,-89.2864573,43.1387115
811,parking_entrance,-89.2866876,43.1385953
812,restaurant,-89.3873189,43.0742625
813,public_bookcase,-89.4266174,43.0577544
814,bicycle_parking,-89.4037352,43.0720289
815,bicycle_parking,-89.4031002,43.071887
816,bicycle_parking,-89.4032487,43.0718859
817,bicycle_parking,-89.4038026,43.0715057
818,bicycle_parking,-89.4038803,43.0715998
819,fast_food,-89.4551925,43.0360383
820,drinking_water,-89.410788,43.0581013
821,public_bookcase,-89.4042142,43.0696379
822,bench,-89.525217,43.0615362
823,bench,-89.5251492,43.0616323
824,bench,-89.4844897,43.0685509
825,bench,-89.4842931,43.0685849
826,bar,-89.3521684,43.0960983
827,dentist,-89.4707948,43.0778025
828,toilets,-89.4504644,43.0299763
829,bench,-89.4211966,43.0575009
830,bench,-89.4211429,43.0573832
831,bench,-89.4211604,43.0573738
832,cafe,-89.3606142,43.0860412
833,toilets,-89.409929,43.060625
834,drinking_water,-89.4290852,43.0422082
835,public_bookcase,-89.4865602,43.064184
836,shelter,-89.3068795,43.1452298
837,toilets,-89.3168801,43.1242602
838,parking_entrance,-89.3986692,43.0546735
839,post_office,-89.3814592,43.0732175
840,post_box,-89.3808905,43.07873
841,bicycle_rental,-89.3827779,43.0737656
842,restaurant,-89.3820804,43.0743595
843,theatre,-89.3833553,43.0764942
844,theatre,-89.3834058,43.0765418
845,public_bookcase,-89.504826,43.0406915
846,bench,-89.4746339,43.062047
847,bench,-89.4746349,43.0620753
848,bench,-89.474653,43.0622093
849,bench,-89.4746566,43.0622392
850,bench,-89.4750688,43.0620182
851,bench,-89.4750723,43.0620479
852,bench,-89.4750941,43.0622122
853,bench,-89.4750896,43.0621818
854,bench,-89.4754655,43.0622572
855,bicycle_parking,-89.4504704,43.0536463
856,bicycle_parking,-89.4503209,43.0536475
857,community_centre,-89.395397,43.04098
858,college,-89.3953755,43.0411761
859,restaurant,-89.351432,43.1066767
860,bar,-89.3496469,43.0474637
861,bank,-89.3420685,43.0476481
862,place_of_worship,-89.3158367,43.0905142
863,shelter,-89.332535,43.092613
864,shelter,-89.334332,43.0930478
865,fountain,-89.3344128,43.0929145
866,theatre,-89.3880096,43.0740198
867,theatre,-89.3886214,43.0742723
868,parking,-89.3825588,43.0722525
869,restaurant,-89.379652,43.073952
870,parking,-89.3810114,43.0756938
871,bank,-89.3847361,43.076158
872,post_office,-89.385019,43.0759583
873,bank,-89.3852212,43.0758252
874,cafe,-89.4288534,43.0719232
875,atm,-89.3971917,43.0756832
876,bank,-89.3935023,43.0398934
877,toilets,-89.4853787,43.0943277
878,drinking_water,-89.4854699,43.0944041
879,bicycle_repair_station,-89.4855168,43.0944099
880,fast_food,-89.4739658,43.049193
881,parking_entrance,-89.4793344,43.0478825
882,parking_entrance,-89.4789411,43.048107
883,public_bookcase,-89.4968927,43.0663303
884,library,-89.3491899,43.126183
885,bench,-89.3844521,43.080194
886,toilets,-89.3820656,43.0818138
887,bench,-89.3514705,43.098336
888,bicycle_parking,-89.321753,43.0985335
889,parking_entrance,-89.3961398,43.0766225
890,bank,-89.5163714,43.0601664
891,bicycle_rental,-89.3836888,43.0805719
892,toilets,-89.4445371,43.0547087
893,toilets,-89.4445378,43.0547421
894,parking_entrance,-89.3947947,43.0765318
895,restaurant,-89.3735324,43.0816304
896,restaurant,-89.3257136,43.0698548
897,restaurant,-89.3254358,43.0703547
898,bench,-89.5039928,43.0574162
899,restaurant,-89.512143,43.0595627
900,post_box,-89.5073165,43.0638559
901,restaurant,-89.4746452,43.0504012
902,restaurant,-89.4755902,43.0519105
903,pub,-89.3622099,43.0875602
904,bicycle_repair_station,-89.4589649,43.0346997
905,public_bookcase,-89.3726737,43.0923381
906,post_box,-89.5189664,43.0744787
907,cafe,-89.517498,43.0758753
908,veterinary,-89.5175001,43.0758026
909,restaurant,-89.5183599,43.076075
910,atm,-89.5195002,43.0738959
911,bench,-89.3810777,43.0723939
912,bench,-89.3810242,43.0723523
913,bench,-89.380978,43.0723177
914,bench,-89.3811311,43.0723339
915,bench,-89.381038,43.0722637
916,bicycle_parking,-89.4352393,43.0248625
917,dentist,-89.3077304,43.0845762
918,restaurant,-89.5059355,43.0553642
919,post_box,-89.383958,43.0791642
920,parking_entrance,-89.3987538,43.0762881
921,drinking_water,-89.4181216,43.0877593
922,theatre,-89.4003336,43.0765849
923,theatre,-89.4002947,43.0762294
924,cafe,-89.3992281,43.0761945
925,atm,-89.3993659,43.0762329
926,bar,-89.3771586,43.08361
927,bar,-89.3794624,43.0820095
928,bicycle_parking,-89.3867631,43.0747781
929,atm,-89.3968716,43.0750037
930,bicycle_parking,-89.3970979,43.074952
931,bicycle_parking,-89.3968534,43.0749459
932,bicycle_parking,-89.4007165,43.0764398
933,bicycle_parking,-89.4007069,43.0768218
934,bicycle_parking,-89.4305766,43.041279
935,loading_dock,-89.4163153,43.0382899
936,loading_dock,-89.4158324,43.0382865
937,waste_basket,-89.4036684,43.0772935
938,parking_entrance,-89.3888791,43.0790817
939,bar,-89.3901315,43.0795313
940,parking_entrance,-89.4217231,43.0342008
941,parking_entrance,-89.4217252,43.0335533
942,restaurant,-89.4224121,43.0345983
943,restaurant,-89.4220978,43.0346005
944,restaurant,-89.4206497,43.0345363
945,bench,-89.4153462,43.0897284
946,bicycle_parking,-89.4286745,43.0841654
947,bench,-89.4184488,43.0875306
948,dojo,-89.3240738,43.0787029
949,restaurant,-89.3233476,43.0792828
950,social_facility,-89.3234433,43.0792299
951,parking_entrance,-89.4457753,43.0868706
952,bicycle_parking,-89.4043146,43.074153
953,bicycle_rental,-89.3729069,43.0770307
954,parking_entrance,-89.3874514,43.0713619
955,bank,-89.3911386,43.067984
956,bicycle_parking,-89.3874566,43.0739385
957,vending_machine,-89.3876128,43.073821
958,bicycle_parking,-89.3880312,43.0735241
959,waste_basket,-89.3976885,43.0748702
960,waste_basket,-89.3976885,43.074973
961,bench,-89.3976261,43.0749554
962,waste_basket,-89.3980761,43.074972
963,bench,-89.3983973,43.075024
964,waste_basket,-89.3985884,43.0749789
965,waste_basket,-89.3986474,43.0750626
966,waste_basket,-89.3987165,43.074879
967,waste_basket,-89.3987815,43.0749985
968,waste_basket,-89.3991912,43.0750048
969,waste_basket,-89.3993984,43.0749872
970,waste_basket,-89.3995097,43.0748995
971,waste_basket,-89.4002862,43.0749172
972,waste_basket,-89.4017152,43.0753737
973,waste_basket,-89.4022469,43.0755187
974,waste_basket,-89.4028135,43.0754937
975,car_wash,-89.3633551,43.1119294
976,fast_food,-89.3633014,43.1117248
977,parking_entrance,-89.4798888,43.0486163
978,parking_entrance,-89.4813009,43.0468644
979,parking_entrance,-89.4809674,43.0473059
980,parking_entrance,-89.4810046,43.0469256
981,parking_entrance,-89.4828085,43.0468562
982,parking_entrance,-89.4821878,43.0470611
983,parking_entrance,-89.4828065,43.0472652
984,parking_entrance,-89.4823658,43.047349
985,bicycle_parking,-89.3656169,43.0834292
986,pub,-89.3652802,43.0833378
987,bicycle_parking,-89.3676667,43.0826791
988,veterinary,-89.3641012,43.0947156
989,social_facility,-89.3641321,43.0943694
990,atm,-89.3641187,43.0946368
991,parcel_locker,-89.3993327,43.0717446
992,parking_entrance,-89.3941361,43.0712166
993,parking_entrance,-89.3945919,43.0712231
994,parking_entrance,-89.3945662,43.0718033
995,parking_entrance,-89.394251,43.0719004
996,fountain,-89.325441,43.0675885
997,waste_disposal,-89.3258905,43.0690784
998,bicycle_parking,-89.3820487,43.0729478
999,bicycle_parking,-89.382146,43.0730188
1000,bicycle_parking,-89.3816739,43.0726564
1001,restaurant,-89.5265755,43.073291
1002,pub,-89.5266138,43.0733676
1003,restaurant,-89.5267173,43.0734753
1004,parking_entrance,-89.5292318,43.0627797
1005,parking_entrance,-89.5291832,43.0632173
1006,bicycle_parking,-89.5260909,43.0722518
1007,bicycle_parking,-89.5266585,43.0721663
1008,bicycle_parking,-89.5268778,43.0717174
1009,bicycle_parking,-89.5262173,43.0715043
1010,bicycle_parking,-89.5258022,43.0716415
1011,bicycle_parking,-89.5253942,43.0718379
1012,restaurant,-89.395692,43.0729056
1013,restaurant,-89.3956928,43.0728214
1014,cafe,-89.3934931,43.074651
1015,restaurant,-89.3933139,43.0745613
1016,bicycle_parking,-89.4400769,43.0748557
1017,restaurant,-89.4289622,43.0567182
1018,restaurant,-89.3960876,43.073365
1019,restaurant,-89.3963051,43.0733711
1020,restaurant,-89.3965424,43.0733778
1021,restaurant,-89.398256,43.0730203
1022,bank,-89.3988901,43.0729417
1023,fast_food,-89.3988919,43.0728421
1024,theatre,-89.3993651,43.0729664
1025,cafe,-89.4010003,43.0723125
1026,bench,-89.3433201,43.0939792
1027,restaurant,-89.360778,43.0855963
1028,parking_entrance,-89.481652,43.049198
1029,parking_entrance,-89.4818636,43.0484139
1030,parking_entrance,-89.4809403,43.0479292
1031,parking_entrance,-89.4818911,43.0480606
1032,parking_entrance,-89.4825205,43.0494485
1033,parking_entrance,-89.4830253,43.0482729
1034,parking_entrance,-89.4829135,43.0485074
1035,parking_entrance,-89.4815364,43.0472907
1036,parking_entrance,-89.4797801,43.0469405
1037,parking_entrance,-89.4796827,43.0472038
1038,parking_entrance,-89.478383,43.0466537
1039,parking_entrance,-89.4781918,43.0466981
1040,parking_entrance,-89.4976271,43.0481968
1041,public_bookcase,-89.529098,43.0281574
1042,restaurant,-89.4524265,43.0380077
1043,parking_entrance,-89.3750723,43.0823458
1044,restaurant,-89.3755897,43.0811313
1045,bicycle_parking,-89.3792237,43.07451
1046,restaurant,-89.3793627,43.0740765
1047,bank,-89.3819001,43.0744671
1048,bicycle_parking,-89.3817785,43.0745464
1049,waste_basket,-89.3818572,43.0745592
1050,restaurant,-89.3814973,43.0745354
1051,pub,-89.3815358,43.0747635
1052,was:restaurant,-89.3812977,43.0747666
1053,restaurant,-89.3820376,43.0759027
1054,drinking_water,-89.3849946,43.074862
1055,drinking_water,-89.3850026,43.0745489
1056,drinking_water,-89.3843959,43.0740877
1057,drinking_water,-89.3839691,43.0740763
1058,drinking_water,-89.3833456,43.0745226
1059,drinking_water,-89.3833348,43.0748409
1060,drinking_water,-89.3839403,43.0753047
1061,drinking_water,-89.3843674,43.0753137
1062,cafe,-89.3758335,43.0809121
1063,bar,-89.3757466,43.0809695
1064,pub,-89.3761681,43.0799841
1065,theatre,-89.3882212,43.0748765
1066,restaurant,-89.39021,43.0751613
1067,restaurant,-89.3908059,43.0752728
1068,bicycle_repair_station,-89.4262239,43.0764767
1069,restaurant,-89.3266566,43.1398901
1070,bicycle_rental,-89.33071,43.12127
1071,bicycle_rental,-89.33017,43.08809
1072,bicycle_rental,-89.3436146,43.0963427
1073,bicycle_rental,-89.3661649,43.0923246
1074,bicycle_rental,-89.38355,43.07734
1075,bicycle_rental,-89.38251,43.07605
1076,bicycle_rental,-89.3816996,43.0724121
1077,bicycle_rental,-89.38681,43.07499
1078,bicycle_rental,-89.39955,43.07487
1079,bicycle_rental,-89.38763,43.07857
1080,bicycle_rental,-89.3942337,43.0732773
1081,bicycle_rental,-89.3888767,43.0650888
1082,bicycle_rental,-89.37549,43.07549
1083,bicycle_rental,-89.36456,43.08336
1084,bicycle_rental,-89.37546,43.08634
1085,public_bookcase,-89.3236605,43.0801609
1086,boat_storage,-89.3371768,43.0905701
1087,bicycle_repair_station,-89.5015047,43.0662312
1088,bicycle_parking,-89.4097933,43.0723383
1089,parking_entrance,-89.403316,43.0643742
1090,parking_entrance,-89.4033107,43.0651431
1091,parking_entrance,-89.4032131,43.0645174
1092,social_facility,-89.364317,43.0834479
1093,bench,-89.4638204,43.0344229
1094,bicycle_parking,-89.3890707,43.079035
1095,bicycle_repair_station,-89.4148728,43.0781972
1096,restaurant,-89.3968179,43.0540439
1097,library,-89.3827347,43.0731896
1098,parking_entrance,-89.461645,43.0736295
1099,parking_entrance,-89.3800745,43.0726843
1100,parking_entrance,-89.3827191,43.0774761
1101,bicycle_repair_station,-89.3955816,43.038699
1102,parking_entrance,-89.3888755,43.072849
1103,parking,-89.3888429,43.072702
1104,bank,-89.3293334,43.1219247
1105,bench,-89.3907125,43.0645404
1106,bench,-89.3906207,43.064558
1107,bench,-89.3905449,43.0645553
1108,bench,-89.3904509,43.0645234
1109,restaurant,-89.3878205,43.0724396
1110,bicycle_parking,-89.3901983,43.0749186
1111,bicycle_parking,-89.4177418,43.065017
1112,bicycle_parking,-89.3974813,43.0751209
1113,bicycle_parking,-89.3973203,43.0747524
1114,bicycle_parking,-89.3975887,43.0727742
1115,bicycle_parking,-89.3990107,43.0723009
1116,community_centre,-89.3864465,43.0749268
1117,bench,-89.4267922,43.0632508
1118,bench,-89.367667,43.0829431
1119,bench,-89.3677191,43.0828431
1120,bench,-89.3678375,43.0827566
1121,bench,-89.3682121,43.0825928
1122,bench,-89.3682609,43.0825713
1123,bench,-89.3666607,43.0832898
1124,bench,-89.3662801,43.0836284
1125,bench,-89.3658534,43.0840984
1126,bench,-89.3675679,43.0833523
1127,drinking_water,-89.4107996,43.0613824
1128,bench,-89.4294919,43.0689839
1129,bench,-89.4294914,43.06897
1130,bench,-89.4293047,43.0689829
1131,bench,-89.4293047,43.0689684
1132,bench,-89.4290799,43.0689814
1133,bench,-89.4290793,43.0689673
1134,bench,-89.4288946,43.06898
1135,bench,-89.4288939,43.0689669
1136,bench,-89.3536052,43.0238893
1137,bench,-89.3532856,43.0240401
1138,bench,-89.3519153,43.0244521
1139,bench,-89.3491491,43.0256923
1140,bicycle_parking,-89.447589,43.0750843
1141,bicycle_parking,-89.3984958,43.0751797
1142,atm,-89.4235676,43.068002
1143,bench,-89.4598328,43.0392578
1144,bench,-89.459815,43.0393201
1145,bench,-89.4598545,43.0393024
1146,bicycle_parking,-89.4598595,43.0391967
1147,bench,-89.4820099,43.0506958
1148,bench,-89.4819713,43.0506768
1149,bicycle_parking,-89.4819981,43.0507212
1150,bicycle_parking,-89.481946,43.0506958
1151,bicycle_parking,-89.3871229,43.0532404
1152,bench,-89.3870027,43.053303
1153,bench,-89.3870819,43.0533554
1154,bench,-89.3871108,43.0534024
1155,bench,-89.3870959,43.0535208
1156,bench,-89.3870484,43.0535691
1157,fast_food,-89.4066094,43.0363317
1158,parking_entrance,-89.461101,43.0739425
1159,parking_entrance,-89.4188613,43.064143
1160,parking_entrance,-89.4186921,43.0640043
1161,parking_entrance,-89.4186282,43.0642948
1162,parking_entrance,-89.4184589,43.0641561
1163,toilets,-89.4054594,43.042656
1164,drinking_water,-89.4054915,43.042656
1165,bench,-89.3914394,43.0427872
1166,bench,-89.391225,43.0426219
1167,bench,-89.3777348,43.0333425
1168,bench,-89.3718522,43.0304574
1169,bench,-89.3715156,43.0304261
1170,parking_entrance,-89.4306163,43.0768416
1171,bar,-89.4526233,43.0380115
1172,parking_entrance,-89.3865281,43.0727664
1173,bench,-89.4928672,43.0271858
1174,bench,-89.4926336,43.0272843
1175,post_box,-89.5025419,43.0486229
1176,public_bookcase,-89.4486942,43.0326091
1177,bench,-89.429973,43.04191
1178,bench,-89.4302563,43.0427497
1179,bench,-89.429885,43.0420374
1180,parking_entrance,-89.4495403,43.0387862
1181,parking_entrance,-89.3538907,43.0917604
1182,bench,-89.3537986,43.0922324
1183,bicycle_parking,-89.353701,43.0922534
1184,bicycle_parking,-89.3536429,43.0922663
1185,bicycle_parking,-89.3533296,43.0923311
1186,bench,-89.3314964,43.1185529
1187,bench,-89.3313846,43.1185385
1188,bicycle_parking,-89.3992069,43.0711265
1189,bicycle_parking,-89.3991944,43.0713161
1190,bicycle_parking,-89.3991679,43.0715417
1191,fast_food,-89.3965601,43.0749963
1192,bank,-89.3951907,43.0747568
1193,parking_entrance,-89.5019897,43.0147221
1194,parking_entrance,-89.5014797,43.0150307
1195,restaurant,-89.5105749,43.0162379
1196,bench,-89.4545584,43.03243
1197,bench,-89.4543725,43.0323986
1198,bench,-89.454469,43.0325895
1199,bench,-89.4543909,43.0326292
1200,parking_entrance,-89.5255283,43.0671563
1201,bench,-89.4841515,43.0237015
1202,toilets,-89.343712,43.0261342
1203,shower,-89.3436326,43.0261317
1204,waste_disposal,-89.343691,43.0266241
1205,drinking_water,-89.3442829,43.026567
1206,drinking_water,-89.3447225,43.0264816
1207,drinking_water,-89.3442864,43.0263054
1208,drinking_water,-89.3447272,43.0259311
1209,drinking_water,-89.3440389,43.0259268
1210,drinking_water,-89.343311,43.026063
1211,drinking_water,-89.3427827,43.0259239
1212,drinking_water,-89.3437511,43.0264948
1213,pub,-89.2892517,43.138332
1214,drinking_water,-89.305574,43.1255858
1215,atm,-89.3049146,43.1251442
1216,restaurant,-89.3097202,43.1253766
1217,bicycle_parking,-89.3741623,43.0832416
1218,bicycle_parking,-89.373634,43.0826335
1219,pub,-89.3908882,43.0746903
1220,toilets,-89.345684,43.1358497
1221,drinking_water,-89.345686,43.1359006
1222,drinking_water,-89.3456337,43.1367461
1223,toilets,-89.3456317,43.1366952
1224,bench,-89.3721752,43.0774874
1225,bench,-89.3721317,43.0774817
1226,bench,-89.372148,43.0774557
1227,shelter,-89.5485822,43.0769034
1228,boat_storage,-89.3674132,43.0935536
1229,vending_machine,-89.3931452,43.0738808
1230,restaurant,-89.394044,43.0733748
1231,fast_food,-89.394713,43.0730009
1232,charging_station,-89.4554795,43.035638
1233,charging_station,-89.5020197,43.0488011
1234,charging_station,-89.5105019,43.0570442
1235,charging_station,-89.3765258,43.0775538
1236,restaurant,-89.396089,43.0756389
1237,parking_entrance,-89.4170791,43.0653449
1238,parking_entrance,-89.4175912,43.0653375
1239,parking_entrance,-89.4178016,43.0650458
1240,bench,-89.4169139,43.0653257
1241,bench,-89.4168862,43.0652781
1242,restaurant,-89.379694,43.0521541
1243,parking_entrance,-89.349814,43.0989919
1244,pub,-89.3257286,43.1261629
1245,parking_entrance,-89.3277356,43.1181829
1246,community_centre,-89.3286211,43.1183548
1247,bar,-89.3631477,43.0898319
1248,bar,-89.3632278,43.0897796
1249,theatre,-89.3742549,43.080559
1250,shelter,-89.294467,43.0369344
1251,drinking_water,-89.2944121,43.0367989
1252,bicycle_parking,-89.4216145,43.0480118
1253,drinking_water,-89.4103954,43.060457
1254,vending_machine,-89.409983,43.0606724
1255,drinking_water,-89.4134149,43.0675386
1256,bicycle_parking,-89.4518122,43.0743649
1257,bicycle_parking,-89.4525867,43.0743117
1258,bicycle_parking,-89.4523018,43.0739362
1259,bench,-89.4299162,43.0424153
1260,construction,-89.3780626,43.0376107
1261,restaurant,-89.4084574,43.0678763
1262,fountain,-89.3752868,43.0464632
1263,shelter,-89.3866062,43.0462529
1264,bench,-89.3991656,43.0629089
1265,bench,-89.3995279,43.0625533
1266,bench,-89.3977599,43.0630723
1267,bench,-89.3975812,43.0631828
1268,bench,-89.3993194,43.062782
1269,bicycle_parking,-89.3762718,43.0520879
1270,toilets,-89.3277779,43.0313394
1271,toilets,-89.3303294,43.029415
1272,toilets,-89.3323278,43.0260385
1273,parking_entrance,-89.375335,43.0774325
1274,nightclub,-89.3359941,43.1071484
1275,public_bookcase,-89.3704402,43.0775807
1276,boat_storage,-89.3679742,43.0777393
1277,bench,-89.3553767,43.0842564
1278,drinking_water,-89.3522455,43.0870605
1279,drinking_water,-89.3454787,43.0900739
1280,bench,-89.3405434,43.0903539
1281,pub,-89.4010157,43.0621898
1282,fast_food,-89.4010179,43.0629363
1283,pharmacy,-89.4010104,43.0624089
1284,animal_boarding,-89.4010238,43.0619061
1285,bar,-89.4009898,43.0615607
1286,restaurant,-89.4010003,43.0613684
1287,place_of_worship,-89.3947939,43.0483272
1288,restaurant,-89.3944759,43.0440247
1289,social_facility,-89.3944822,43.0435951
1290,bicycle_parking,-89.4271766,43.0459822
1291,bicycle_parking,-89.3490352,43.0313673
1292,bench,-89.3316027,43.026768
1293,bench,-89.3292331,43.0292987
1294,bench,-89.3884745,43.0455723
1295,bicycle_parking,-89.4506142,43.0540554
1296,parking_entrance,-89.4500415,43.0538959
1297,bench,-89.4508898,43.0538546
1298,bicycle_parking,-89.3590452,43.0880047
1299,bicycle_repair_station,-89.40078,43.0768628
1300,bicycle_repair_station,-89.4367796,43.0886031
1301,shelter,-89.4360834,43.0885361
1302,bicycle_repair_station,-89.3774326,43.0809596
1303,bicycle_repair_station,-89.3436242,43.0261858
1304,bicycle_repair_station,-89.4002017,43.0683587
1305,motorcycle_parking,-89.3995021,43.0683315
1306,bicycle_parking,-89.3998049,43.0683678
1307,bicycle_repair_station,-89.3751017,43.0757462
1308,bicycle_repair_station,-89.3555926,43.0918844
1309,bicycle_parking,-89.3555785,43.0919001
1310,bicycle_repair_station,-89.3851977,43.0721507
1311,parking_entrance,-89.3853383,43.0720828
1312,parking_entrance,-89.3815032,43.0738007
1313,bicycle_repair_station,-89.381602,43.0737743
1314,bicycle_repair_station,-89.3991872,43.0717902
1315,bicycle_repair_station,-89.4011579,43.0741123
1316,bench,-89.347913,43.0291369
1317,restaurant,-89.4976036,43.0558022
1318,drinking_water,-89.4000129,43.0263422
1319,bench,-89.3999552,43.0263196
1320,bench,-89.4000381,43.0263026
1321,bbq,-89.4002097,43.0263112
1322,bicycle_parking,-89.4001556,43.0264118
1323,bicycle_repair_station,-89.4820151,43.0506871
1324,bicycle_parking,-89.3917254,43.0469477
1325,toilets,-89.40024,43.0263826
1326,bicycle_parking,-89.3456599,43.027354
1327,drinking_water,-89.3436991,43.0261991
1328,restaurant,-89.393802,43.0730649
1329,restaurant,-89.3895603,43.0694174
1330,post_box,-89.3895181,43.0691199
1331,bicycle_parking,-89.4152294,43.0780866
1332,bicycle_parking,-89.413059,43.0783371
1333,bicycle_parking,-89.4125914,43.078025
1334,drinking_water,-89.3278163,43.031333
1335,drinking_water,-89.3303092,43.0294291
1336,drinking_water,-89.3323891,43.0260572
1337,bicycle_parking,-89.3581523,43.0311764
1338,bank,-89.3958732,43.0678822
1339,bicycle_repair_station,-89.4194161,43.0753587
1340,bicycle_parking,-89.4193958,43.0753611
1341,bicycle_repair_station,-89.412582,43.0762036
1342,bicycle_repair_station,-89.4063567,43.0735232
1343,bicycle_repair_station,-89.3256592,43.1260627
1344,restaurant,-89.5284077,43.0753153
1345,parking_entrance,-89.3837436,43.0713903
1346,veterinary,-89.4378206,43.0743539
1347,fast_food,-89.5036929,43.0610497
1348,fast_food,-89.3038494,43.1290989
1349,restaurant,-89.3963621,43.054457
1350,bench,-89.4111558,43.0584888
1351,bicycle_parking,-89.4104104,43.0587109
1352,cafe,-89.4102382,43.0593936
1353,vending_machine,-89.4096531,43.0592173
1354,waste_basket,-89.4108051,43.0588526
1355,recycling,-89.4107909,43.0588561
1356,vending_machine,-89.4109464,43.0589187
1357,charging_station,-89.4103377,43.0583284
1358,waste_basket,-89.4099069,43.0580573
1359,parking_entrance,-89.3739939,43.0762318
1360,restaurant,-89.3519605,43.0928072
1361,parking_entrance,-89.3521462,43.0923613
1362,bench,-89.4153306,43.0753478
1363,bench,-89.415405,43.075379
1364,bench,-89.4107611,43.0787099
1365,parking_entrance,-89.3569937,43.0916441
1366,parking_entrance,-89.3570944,43.0915148
1367,atm,-89.3559504,43.0913237
1368,bicycle_parking,-89.3943991,43.0388488
1369,clock,-89.3945043,43.0387291
1370,bicycle_parking,-89.413798,43.0673597
1371,bench,-89.4218969,43.0858067
1372,bicycle_rental,-89.3614641,43.0902765
1373,bicycle_parking,-89.4214712,43.0580109
1374,pharmacy,-89.4315328,43.0761367
1375,pharmacy,-89.4544394,43.0748974
1376,pharmacy,-89.3979932,43.0551975
1377,social_facility,-89.4034538,43.0431877
1378,pharmacy,-89.4034594,43.043154
1379,restaurant,-89.4169059,43.0648314
1380,dentist,-89.3844944,43.0763887
1381,dentist,-89.3971713,43.0754058
1382,restaurant,-89.2991844,43.1332638
1383,fast_food,-89.4122518,43.0362262
1384,charging_station,-89.3068898,43.1266211
1385,bicycle_parking,-89.3547985,43.0467726
1386,bicycle_repair_station,-89.3546877,43.0467468
1387,parking,-89.3900267,43.0657204
1388,parking_entrance,-89.3899294,43.0658068
1389,restaurant,-89.3782081,43.0785614
1390,parking,-89.3750366,43.0820539
1391,restaurant,-89.3745516,43.0811351
1392,fountain,-89.2815937,43.1270034
1393,fountain,-89.279155,43.1290098
1394,arts_centre,-89.4277459,43.0581186
1395,restaurant,-89.3649538,43.0826069
1396,parking_entrance,-89.3480289,43.0991671
1397,parking,-89.3482089,43.0989795
1398,pub,-89.4162837,43.0656898
1399,fuel,-89.317829,43.1206995
1400,restaurant,-89.3033525,43.0837856
1401,drinking_water,-89.3034008,43.0774656
1402,parking,-89.3801635,43.0727174
1403,parking,-89.3862984,43.0726246
1404,bench,-89.3867757,43.0730437
1405,bench,-89.386824,43.0730104
1406,parking,-89.387346,43.0730075
1407,parking_entrance,-89.3892143,43.0722461
1408,parking_entrance,-89.3888443,43.0728707
1409,parking_entrance,-89.3885192,43.0729314
1410,parking,-89.3883762,43.072886
1411,parking_entrance,-89.3880459,43.0722409
1412,parking_entrance,-89.3872089,43.0716987
1413,parking_entrance,-89.3870012,43.0713414
1414,parking_entrance,-89.3871527,43.0714599
1415,parking,-89.3869305,43.0718686
1416,parking,-89.3834511,43.0717342
1417,parking_entrance,-89.3818922,43.0774752
1418,restaurant,-89.383902,43.0766692
1419,parking_entrance,-89.3855044,43.0764661
1420,parking_entrance,-89.3856636,43.0760961
1421,parking_entrance,-89.3854282,43.0765641
1422,parking_entrance,-89.3853879,43.076593
1423,parking_entrance,-89.3847734,43.0767213
1424,parking_entrance,-89.3848102,43.0767512
1425,restaurant,-89.3720059,43.1340505
1426,restaurant,-89.3699395,43.1340204
1427,parking_entrance,-89.3199902,43.0846403
1428,bus_station,-89.3976363,43.0715537
1429,restaurant,-89.3909572,43.0749081
1430,parking,-89.3819051,43.073907
1431,parking_entrance,-89.3815161,43.0755511
1432,parking,-89.3817583,43.0754709
1433,parking_entrance,-89.3837744,43.0722068
1434,parking,-89.3837981,43.0722772
1435,parking_entrance,-89.3814392,43.0751041
1436,parking,-89.3889188,43.0726871
1437,parking,-89.390379,43.0669164
1438,parking,-89.3912256,43.065116
1439,restaurant,-89.3832398,43.0767213
1440,bank,-89.4134103,43.0671863
1441,waste_transfer_station,-89.4084451,43.0377397
1442,cafe,-89.4539486,43.0749756
1443,restaurant,-89.3921769,43.0749286
1444,bar,-89.3927259,43.0747352
1445,vending_machine,-89.3900922,43.072555
1446,parcel_locker,-89.3899301,43.0727166
1447,bicycle_parking,-89.4746161,43.0455674
1448,library,-89.3176486,43.0841729
1449,bench,-89.5128826,43.0166611
1450,bench,-89.5129704,43.0167187
1451,bank,-89.3825182,43.0753186
1452,bicycle_parking,-89.3822226,43.0749613
1453,waste_disposal,-89.4399167,43.0748195
1454,fast_food,-89.3934191,43.0746375
1455,bicycle_parking,-89.3436355,43.0277725
1456,prep_school,-89.4053523,43.0310834
1457,atm,-89.3938187,43.0397129
1458,parking_entrance,-89.3982288,43.0543329
1459,waste_basket,-89.5199682,43.0153089
1460,bench,-89.5222176,43.0156352
1461,parking,-89.4788794,43.0482282
1462,restaurant,-89.5103681,43.0162353
1463,dentist,-89.4276933,43.0325728
1464,parking_entrance,-89.5288524,43.0246616
1465,parking_entrance,-89.3987111,43.0654104
1466,parking_entrance,-89.4001703,43.0646091
1467,shelter,-89.3037455,43.0777491
1468,shelter,-89.332357,43.0260241
1469,shelter,-89.4787236,43.072692
1470,shelter,-89.3978543,43.0633947
1471,toilets,-89.368391,43.0776727
1472,shelter,-89.3548918,43.1038075
1473,shelter,-89.3526263,43.1086259
1474,toilets,-89.3586893,43.0471294
1475,shelter,-89.3586619,43.0471752
1476,shelter,-89.4762466,43.0623824
1477,drinking_water,-89.458595,43.0269703
1478,toilets,-89.3998478,43.047608
1479,shelter,-89.4918266,43.0436582
1480,shelter,-89.5160499,43.0647475
1481,shelter,-89.5316297,43.0693994
1482,toilets,-89.3172968,43.0818766
1483,shelter,-89.4933354,43.0116773
1484,shelter,-89.4853133,43.0943368
1485,shelter,-89.3807281,43.1472298
1486,shelter,-89.492764,43.0270665
1487,shelter,-89.3168288,43.1243144
1488,toilets,-89.4626417,43.0707913
1489,shelter,-89.4625107,43.070713
1490,shelter,-89.2736011,43.0786431
1491,shelter,-89.5207487,43.070845
1492,shelter,-89.5408056,43.0787892
1493,shelter,-89.5021215,43.0252696
1494,shelter,-89.5104426,43.0193661
1495,shelter,-89.5090324,43.0820157
1496,shelter,-89.2930436,43.0931966
1497,toilets,-89.4870349,43.0731662
1498,shelter,-89.3370929,43.1037536
1499,parking_entrance,-89.2989566,43.1548987
1500,parking_entrance,-89.2990593,43.1556124
1501,bench,-89.4159667,43.0887064
1502,post_box,-89.3919556,43.0747181
1503,bicycle_parking,-89.3917283,43.074709
1504,bicycle_parking,-89.391956,43.0748694
1505,bicycle_parking,-89.3914004,43.0749289
1506,post_box,-89.3870008,43.0697158
1507,pub,-89.3811472,43.0747541
1508,pub,-89.3812098,43.0742952
1509,parking_entrance,-89.2913237,43.1602516
1510,bank,-89.2912031,43.1427175
1511,telephone,-89.3805386,43.071254
1512,theatre,-89.3514635,43.1073202
1513,marketplace,-89.3457113,43.1033439
1514,marketplace,-89.4712383,43.0738514
1515,bench,-89.4058432,43.0669657
1516,bench,-89.4059292,43.0669904
1517,bicycle_parking,-89.4612642,43.0238519
1518,bicycle_parking,-89.4641005,43.0738355
1519,parking_entrance,-89.4523065,43.0687234
1520,fast_food,-89.4054893,43.0311009
1521,fast_food,-89.3076468,43.0626604
1522,parking_entrance,-89.4561571,43.0732509
1523,food_court,-89.3009616,43.1279924
1524,parking_entrance,-89.4733052,43.0616551
1525,post_box,-89.3194796,43.1016635
1526,parking_entrance,-89.3871416,43.0675384
1527,bench,-89.3769804,43.0752452
1528,bench,-89.3769603,43.0752672
1529,bench,-89.3769355,43.0752917
1530,bicycle_parking,-89.3770139,43.0753784
1531,childcare,-89.3175771,43.1024651
1532,dentist,-89.3176218,43.1026125
1533,bicycle_parking,-89.3950346,43.0388756
1534,bicycle_parking,-89.3775023,43.0381738
1535,construction,-89.3781358,43.0375561
1536,construction,-89.3776237,43.0375793
1537,bicycle_parking,-89.3714724,43.0307051
1538,toilets,-89.3705463,43.094988
1539,social_facility,-89.3629369,43.1136567
1540,charging_station,-89.3190854,43.1191389
1541,charging_station,-89.3180912,43.1205757
1542,bicycle_parking,-89.4890592,43.0530675
1543,bench,-89.4401616,43.0705427
1544,bench,-89.439367,43.0705464
1545,fountain,-89.38529,43.0738009
1546,fountain,-89.3854516,43.0739286
1547,social_facility,-89.3860173,43.073686
1548,bicycle_parking,-89.3856067,43.0740561
1549,bench,-89.3857771,43.0741893
1550,bench,-89.3857536,43.0741697
1551,bench,-89.3855826,43.074376
1552,bench,-89.385812,43.0745546
1553,bench,-89.3857339,43.0746653
1554,bench,-89.3857319,43.0747616
1555,bench,-89.3853511,43.0747574
1556,bench,-89.3853557,43.0746597
1557,bicycle_parking,-89.3853038,43.0740847
1558,bicycle_parking,-89.3861794,43.0744867
1559,nightclub,-89.3871554,43.0744095
1560,parking_entrance,-89.3972808,43.0723834
1561,parking_entrance,-89.396013,43.0724043
1562,fridge,-89.3758334,43.0865754
1563,bicycle_repair_station,-89.3775357,43.0782943
1564,bicycle_repair_station,-89.4504583,43.0423571
1565,bicycle_repair_station,-89.4574325,43.0319208
1566,bench,-89.4440585,43.0677229
1567,restaurant,-89.4283998,43.0719415
1568,fast_food,-89.3045944,43.129712
1569,restaurant,-89.3047634,43.1296141
1570,bank,-89.304475,43.129802
1571,parking_entrance,-89.429273,43.0760325
1572,parking_entrance,-89.4298396,43.0768117
1573,cafe,-89.5231843,43.0553968
1574,fast_food,-89.3037675,43.1291653
1575,fast_food,-89.3039447,43.1290127
1576,bicycle_parking,-89.3928237,43.0748777
1577,bench,-89.3920589,43.0748706
1578,bench,-89.3920904,43.0748714
1579,waste_basket,-89.3926875,43.0748848
1580,boat_storage,-89.3407693,43.0516472
1581,bicycle_parking,-89.3837866,43.0805094
1582,restaurant,-89.5027037,43.0494784
1583,restaurant,-89.5027024,43.0496185
1584,parking_entrance,-89.4306281,43.0768254
1585,parking_entrance,-89.4862992,43.051174
1586,bicycle_parking,-89.3929628,43.0681794
1587,fast_food,-89.410089,43.0606079
1588,bicycle_parking,-89.4097897,43.0607869
1589,fast_food,-89.5258269,43.0731819
1590,fast_food,-89.4394149,43.0745087
1591,restaurant,-89.4390103,43.0746342
1592,bicycle_parking,-89.407777,43.0725161
1593,bicycle_parking,-89.4085789,43.0727914
1594,compressed_air,-89.4247282,43.0728117
1595,waste_disposal,-89.3946693,43.0769227
1596,waste_disposal,-89.4091697,43.0746169
1597,bicycle_parking,-89.4021738,43.074202
1598,bicycle_parking,-89.3977515,43.0759335
1599,bicycle_parking,-89.3991335,43.0742652
1600,bicycle_parking,-89.4076261,43.0732498
1601,bicycle_parking,-89.4085629,43.0732435
1602,bicycle_parking,-89.4087989,43.0729652
1603,bicycle_parking,-89.4087989,43.0730808
1604,bicycle_parking,-89.4042512,43.0713321
1605,bicycle_parking,-89.4055286,43.0720057
1606,bicycle_parking,-89.4049794,43.0723113
1607,bicycle_parking,-89.4077743,43.0725092
1608,bicycle_parking,-89.4085662,43.0727874
1609,bicycle_parking,-89.4011593,43.0740693
1610,bicycle_parking,-89.400356,43.0743945
1611,bicycle_parking,-89.4003144,43.0749035
1612,bicycle_parking,-89.3984851,43.0755544
1613,bicycle_parking,-89.3978675,43.0721169
1614,bicycle_parking,-89.3986829,43.072133
1615,bicycle_parking,-89.4155681,43.0780112
1616,bicycle_parking,-89.4158316,43.0760746
1617,bench,-89.3926523,43.0750497
1618,bench,-89.392773,43.0750519
1619,pub,-89.5244578,43.0558228
1620,restaurant,-89.3744356,43.076822
1621,fast_food,-89.3956716,43.0734486
1622,fast_food,-89.3083611,43.0651875
1623,bicycle_parking,-89.4126727,43.074949
1624,waste_disposal,-89.4180203,43.072701
1625,waste_disposal,-89.4247151,43.0730436
1626,waste_disposal,-89.4352368,43.0734252
1627,bicycle_parking,-89.4212792,43.0753957
1628,veterinary,-89.5271587,43.0581236
1629,waste_disposal,-89.3930684,43.0500233
1630,restaurant,-89.382629,43.0738264
1631,restaurant,-89.3908218,43.0749076
1632,restaurant,-89.3907208,43.0749005
1633,fast_food,-89.3345576,43.0946618
1634,parking_entrance,-89.3950057,43.0715321
1635,vending_machine,-89.3813192,43.0743224
1636,parking_space,-89.3641615,43.0834671
1637,bicycle_rental,-89.3596877,43.0968598
1638,bicycle_rental,-89.3349972,43.0945001
1639,bicycle_rental,-89.3735545,43.0798958
1640,bicycle_rental,-89.4163781,43.0775881
1641,waste_disposal,-89.4409022,43.0846504
1642,waste_disposal,-89.4397261,43.0866941
1643,waste_disposal,-89.4415158,43.086816
1644,waste_disposal,-89.4416741,43.0868807
1645,waste_disposal,-89.440742,43.0870295
1646,waste_disposal,-89.4347402,43.0864176
1647,waste_disposal,-89.4386505,43.0873738
1648,bench,-89.3889435,43.0748275
1649,cafe,-89.3124473,43.1257854
1650,fast_food,-89.3129145,43.1254832
1651,restaurant,-89.3127128,43.1256072
1652,parking_entrance,-89.3730942,43.0796285
1653,parking_entrance,-89.3731646,43.08045
1654,bicycle_parking,-89.3737736,43.080056
1655,bicycle_parking,-89.374192,43.0804539
1656,dentist,-89.4525269,43.0687746
1657,restaurant,-89.5034641,43.0611274
1658,charging_station,-89.3964654,43.0373359
1659,fountain,-89.4579596,43.0727689
1660,parking_entrance,-89.4617273,43.0726701
1661,bicycle_repair_station,-89.4598427,43.039228
1662,parking_entrance,-89.4889782,43.0514188
1663,parking_entrance,-89.4887502,43.051416
1664,bench,-89.5256662,43.0197213
1665,bench,-89.5257106,43.0197169
1666,bench,-89.5257577,43.0197005
1667,bench,-89.5257696,43.0196617
1668,bench,-89.4589294,43.0275559
1669,bench,-89.458935,43.0275178
1670,bench,-89.4585801,43.0273808
1671,moped_parking,-89.4076409,43.0711765
1672,bicycle_parking,-89.4091546,43.0698368
1673,bicycle_parking,-89.4091466,43.0696957
1674,bicycle_parking,-89.3989246,43.0745834
1675,bicycle_parking,-89.4022993,43.0725522
1676,bicycle_parking,-89.4004455,43.0736519
1677,bicycle_parking,-89.4019231,43.0731038
1678,bicycle_parking,-89.397897,43.0707895
1679,bicycle_parking,-89.3989591,43.0707777
1680,bicycle_parking,-89.4025705,43.0729229
1681,bicycle_parking,-89.4027082,43.0725904
1682,vending_machine,-89.4294964,43.0844045
1683,vending_machine,-89.4297233,43.0841095
1684,parking_entrance,-89.4997923,43.0050925
1685,parking_entrance,-89.5003419,43.005169
1686,waste_disposal,-89.3968671,43.0766851
1687,waste_disposal,-89.3967893,43.0766785
1688,fuel,-89.2654395,43.0860814
1689,atm,-89.3611359,43.1295174
1690,restaurant,-89.3608963,43.1286516
1691,pub,-89.3609918,43.1285977
1692,parking_entrance,-89.4390991,43.0742497
1693,parking_entrance,-89.5186265,43.0533225
1694,parking_entrance,-89.5197178,43.0533746
1695,toilets,-89.3911694,43.0636674
1696,toilets,-89.3910024,43.0636343
1697,cafe,-89.398752,43.0564313
1698,bicycle_parking,-89.5263387,43.0560256
1699,social_facility,-89.3642385,43.083505
1700,bicycle_parking,-89.5061973,43.06229
1701,post_box,-89.4311866,43.0759137
1702,post_box,-89.4627656,43.0692547
1703,waste_disposal,-89.3999194,43.0590197
1704,bicycle_parking,-89.3991614,43.0725114
1705,bench,-89.3995034,43.0723721
1706,bench,-89.3995285,43.0723662
1707,bench,-89.3995557,43.0723733
1708,bench,-89.3995024,43.0724095
1709,bench,-89.3995285,43.0724181
1710,bench,-89.399553,43.0724095
1711,bicycle_parking,-89.3998172,43.07311
1712,waste_disposal,-89.4025668,43.0701105
1713,dentist,-89.5073958,43.0602915
1714,smoking_area,-89.3357888,43.1071226
1715,waste_disposal,-89.3115453,43.0999243
1716,waste_disposal,-89.3127564,43.0999234
1717,waste_disposal,-89.3114354,43.1007033
1718,waste_disposal,-89.3127014,43.1007645
1719,waste_disposal,-89.311772,43.0998098
1720,waste_disposal,-89.339968,43.1031298
1721,waste_disposal,-89.3358073,43.1029398
1722,bicycle_parking,-89.4525027,43.0714164
1723,fast_food,-89.3472026,43.102417
1724,fuel,-89.3470739,43.1023877
1725,pharmacy,-89.3443077,43.1025848
1726,fuel,-89.3533555,43.1066796
1727,post_office,-89.3244928,43.1260482
1728,fast_food,-89.3955103,43.0747764
1729,cafe,-89.3839488,43.0730605
1730,drinking_water,-89.3763546,43.0543805
1731,drinking_water,-89.3590683,43.0880657
1732,drinking_water,-89.3586245,43.0471844
1733,drinking_water,-89.3721523,43.0927552
1734,drinking_water,-89.3805603,43.1471691
1735,drinking_water,-89.3295283,43.089274
1736,drinking_water,-89.3878714,43.0512908
1737,restaurant,-89.3961081,43.0747552
1738,cafe,-89.3923597,43.074725
1739,restaurant,-89.3926047,43.0747024
1740,bench,-89.3514085,43.10898
1741,bench,-89.3514027,43.1088865
1742,bench,-89.342572,43.1086909
1743,car_rental,-89.3538282,43.1078577
1744,shelter,-89.3622321,43.1292234
1745,shelter,-89.3637411,43.1300423
1746,shelter,-89.3671164,43.1320892
1747,shelter,-89.354341,43.1066793
1748,bicycle_parking,-89.3626987,43.0919642
1749,cafe,-89.3680877,43.0863661
1750,bank,-89.3742898,43.0819887
1751,bar,-89.3738097,43.082366
1752,restaurant,-89.3727431,43.0823948
1753,veterinary,-89.3716705,43.0838529
1754,veterinary,-89.3715793,43.0839173
1755,restaurant,-89.3009458,43.1278754
1756,restaurant,-89.3009584,43.1280612
1757,restaurant,-89.3011668,43.128158
1758,bicycle_parking,-89.5091692,43.0601167
1759,veterinary,-89.3456379,43.1018051
1760,shelter,-89.3975399,43.0738332
1761,drinking_water,-89.3820232,43.052298
1762,drinking_water,-89.4156683,43.0768666
1763,drinking_water,-89.4216294,43.0770497
1764,bicycle_rental,-89.3741909,43.0832169
1765,bicycle_rental,-89.3733907,43.0825545
1766,bicycle_rental,-89.4171161,43.0735123
1767,school,-89.5159827,43.0766142
1768,bicycle_parking,-89.5033394,43.0614762
1769,bicycle_parking,-89.5031241,43.0614424
1770,bicycle_parking,-89.503336,43.0580986
1771,bicycle_parking,-89.525076,43.0592505
1772,waste_disposal,-89.319883,43.120883
1773,bicycle_parking,-89.5072667,43.0601434
1774,waste_basket,-89.3957379,43.0733773
1775,waste_basket,-89.3959554,43.0739736
1776,bench,-89.3959501,43.0739381
1777,restaurant,-89.38161,43.077301
1778,parking_entrance,-89.4743704,43.0580905
1779,restaurant,-89.3956815,43.0726566
1780,bicycle_parking,-89.4368137,43.0741471
1781,bicycle_parking,-89.4287613,43.0718072
1782,public_bookcase,-89.4513812,43.0562088
1783,charging_station,-89.4724848,43.0501911
1784,bicycle_parking,-89.4542211,43.0722204
1785,bicycle_parking,-89.4542266,43.0723806
1786,bicycle_parking,-89.4539355,43.0723176
1787,bicycle_parking,-89.4536733,43.0733327
1788,bicycle_parking,-89.4536003,43.0733715
1789,bicycle_parking,-89.452428,43.0736283
1790,bicycle_parking,-89.4524974,43.0734424
1791,bicycle_parking,-89.4523792,43.0713668
1792,bicycle_parking,-89.4532518,43.071387
1793,bicycle_parking,-89.4535209,43.0714578
1794,loading_dock,-89.4520627,43.0715058
1795,loading_dock,-89.4520641,43.0725652
1796,loading_dock,-89.4520748,43.0728515
1797,loading_dock,-89.4534323,43.0723597
1798,loading_dock,-89.4533384,43.0721795
1799,loading_dock,-89.4532847,43.0739429
1800,bench,-89.4561772,43.0480381
1801,bicycle_parking,-89.5037645,43.0609682
1802,bicycle_rental,-89.4255137,43.0765007
1803,bench,-89.4575127,43.0445065
1804,bench,-89.4604473,43.0411873
1805,bench,-89.4631643,43.0439043
1806,bench,-89.4625011,43.0441729
1807,bench,-89.458783,43.0451983
1808,bench,-89.4615391,43.0428059
1809,bench,-89.4602051,43.0421975
1810,bench,-89.4568385,43.0479561
1811,bench,-89.4588866,43.0457025
1812,bench,-89.4618791,43.0487698
1813,bench,-89.4669049,43.0440827
1814,bench,-89.4621465,43.0463238
1815,bench,-89.4619692,43.0468557
1816,bench,-89.4626547,43.0496953
1817,bench,-89.4625768,43.0495508
1818,bench,-89.4592965,43.0495763
1819,loading_dock,-89.4553485,43.0749435
1820,bicycle_parking,-89.4107141,43.068926
1821,bicycle_rental,-89.3173959,43.0844634
1822,bicycle_repair_station,-89.3175139,43.0843453
1823,post_box,-89.5496987,43.0523665
1824,bicycle_repair_station,-89.4539225,43.0689804
1825,restaurant,-89.3810291,43.0750573
1826,bicycle_parking,-89.4133241,43.0672195
1827,parking_entrance,-89.413175,43.0670931
1828,bicycle_parking,-89.4461936,43.0748564
1829,atm,-89.3452418,43.1025796
1830,bicycle_parking,-89.3984218,43.0638121
1831,bicycle_parking,-89.5241801,43.0754151
1832,public_bookcase,-89.4519325,43.0741775
1833,bicycle_parking,-89.4508515,43.0748823
1834,restaurant,-89.3942588,43.0747404
1835,bar,-89.3885628,43.0748957
1836,bar,-89.3884239,43.0748865
1837,ice_cream,-89.3885094,43.0748926
1838,restaurant,-89.387029,43.0746344
1839,bicycle_parking,-89.4050369,43.0761722
1840,bicycle_parking,-89.401484,43.0730696
1841,bicycle_parking,-89.4601627,43.0648869
1842,parking,-89.4595429,43.0652482
1843,public_bookcase,-89.4528045,43.0673516
1844,drinking_water,-89.4407974,43.068376
1845,post_box,-89.4072849,43.0709341
1846,fast_food,-89.3971297,43.0747847
1847,cafe,-89.3343709,43.0946774
1848,restaurant,-89.3840873,43.0727851
1849,post_box,-89.3818078,43.0739198
1850,post_box,-89.3818186,43.0739316
1851,post_box,-89.3818332,43.0739451
1852,post_box,-89.3863686,43.0801234
1853,post_box,-89.3863612,43.0801303
1854,post_box,-89.3702325,43.0809464
1855,post_box,-89.454063,43.0728435
1856,post_box,-89.454063,43.0728394
1857,post_box,-89.454062,43.0728336
1858,charging_station,-89.2975637,43.1512959
1859,charging_station,-89.294056,43.151182
1860,charging_station,-89.2944127,43.1516002
1861,charging_station,-89.2943638,43.1515586
1862,charging_station,-89.2943155,43.151519
1863,charging_station,-89.2942733,43.1514779
1864,charging_station,-89.2942317,43.1514334
1865,charging_station,-89.2941995,43.1513992
1866,charging_station,-89.2941619,43.1513532
1867,charging_station,-89.2941251,43.1513062
1868,charging_station,-89.2940976,43.1512602
1869,charging_station,-89.2940728,43.1512142
1870,charging_station,-89.4212215,43.036348
1871,charging_station,-89.4211753,43.0363475
1872,restaurant,-89.3769368,43.0837868
1873,parking_entrance,-89.3557801,43.1354075
1874,parking_entrance,-89.3592854,43.1353764
1875,parking_entrance,-89.3598999,43.1362085
1876,charging_station,-89.2975938,43.1512524
1877,charging_station,-89.2976227,43.1512064
1878,charging_station,-89.2976502,43.1511614
1879,charging_station,-89.4304468,43.0760784
1880,charging_station,-89.4304997,43.0760784
1881,charging_station,-89.5020231,43.0487517
1882,charging_station,-89.3117217,43.1101349
1883,charging_station,-89.3116533,43.1101745
1884,charging_station,-89.3116352,43.1101576
1885,charging_station,-89.3117036,43.110118
1886,waste_disposal,-89.4069434,43.0679921
1887,waste_disposal,-89.4048062,43.0681795
1888,waste_disposal,-89.3999294,43.059017
1889,waste_disposal,-89.3989668,43.0575692
1890,waste_disposal,-89.3981342,43.0567518
1891,waste_disposal,-89.3965209,43.0549678
1892,waste_disposal,-89.3951727,43.050604
1893,waste_disposal,-89.3796002,43.0524094
1894,waste_disposal,-89.3997819,43.0367732
1895,waste_disposal,-89.3972317,43.0339844
1896,waste_disposal,-89.397819,43.0313233
1897,waste_disposal,-89.3949607,43.0393081
1898,waste_disposal,-89.3916094,43.03857
1899,waste_disposal,-89.3928248,43.0410582
1900,waste_disposal,-89.3933099,43.0412578
1901,charging_station,-89.3463698,43.1301916
1902,waste_basket,-89.4219187,43.0859724
1903,recycling,-89.421903,43.0859776
1904,bicycle_parking,-89.3979781,43.0731112
1905,bicycle_parking,-89.3982623,43.0731155
1906,bicycle_parking,-89.39521,43.067664
1907,bicycle_parking,-89.3914716,43.0725998
1908,parking_entrance,-89.3813315,43.0736801
1909,parking_entrance,-89.3806173,43.073186
1910,parking_entrance,-89.3904339,43.0733303
1911,parking_entrance,-89.3907331,43.0741039
1912,payment_terminal,-89.3899669,43.0727143
1913,atm,-89.3899797,43.072705
1914,parking_entrance,-89.4033848,43.0724513
1915,dentist,-89.5038758,43.0495519
1916,bicycle_parking,-89.4096617,43.0721872
1917,fast_food,-89.2884202,43.148711
1918,parking_entrance,-89.4022387,43.0729013
1919,bicycle_parking,-89.5074921,43.0611436
1920,fast_food,-89.5073379,43.0609809
1921,charging_station,-89.4531049,43.0748833
1922,charging_station,-89.5213122,43.0549658
1923,bicycle_parking,-89.4005339,43.0601864
1924,bicycle_parking,-89.4415216,43.0683325
1925,bicycle_parking,-89.3627496,43.0808306
1926,bicycle_parking,-89.3241488,43.0786999
1927,waste_disposal,-89.370743,43.0864507
1928,waste_disposal,-89.3608826,43.0860839
1929,parking_entrance,-89.5524326,43.0645196
1930,parking_entrance,-89.5540062,43.0651451
1931,parking_entrance,-89.5533472,43.0652033
1932,give_box,-89.4884368,43.0371453
1933,recycling,-89.2641056,43.0465496
1934,bicycle_parking,-89.3826588,43.0719939
1935,bicycle_rental,-89.3976944,43.0710189
1936,clinic,-89.4782379,43.0546243
1937,public_bookcase,-89.4422365,43.0454977
1938,bicycle_rental,-89.4286945,43.0842826
1939,restaurant,-89.4391768,43.0746239
1940,waste_disposal,-89.3844612,43.1357902
1941,waste_disposal,-89.3837813,43.1374485
1942,waste_disposal,-89.385456,43.1358942
1943,loading_dock,-89.5256017,43.0192614
1944,bicycle_parking,-89.41935,43.0299589
1945,bicycle_parking,-89.4206589,43.0298462
1946,waste_basket,-89.3867384,43.0745574
1947,bicycle_parking,-89.3957741,43.0717151
1948,restaurant,-89.3011303,43.0845173
1949,bicycle_parking,-89.5020459,43.0491689
1950,charging_station,-89.3752156,43.0806982
1951,charging_station,-89.3751754,43.0807256
1952,charging_station,-89.3751311,43.080754
1953,charging_station,-89.3750775,43.0807942
1954,childcare,-89.4413557,43.0612729
1955,bicycle_parking,-89.3275252,43.1327186
1956,bicycle_parking,-89.3245779,43.1262509
1957,bicycle_parking,-89.5107034,43.0589497
1958,bicycle_parking,-89.5107067,43.0571662
1959,charging_station,-89.2989842,43.1549934
1960,bicycle_rental,-89.4036417,43.0757725
1961,bench,-89.3673775,43.1639664
1962,bicycle_parking,-89.5124331,43.0589868
1963,motorcycle_parking,-89.4019836,43.0592362
1964,parking_entrance,-89.4018877,43.0592225
1965,parking_entrance,-89.4020515,43.0594822
1966,parking_entrance,-89.4019768,43.0597428
1967,parking_entrance,-89.4018663,43.0597431
1968,restaurant,-89.3948944,43.0681727
1969,post_box,-89.3760146,43.0844028
1970,drinking_water,-89.5072693,43.009907
1971,bicycle_repair_station,-89.3369964,43.0953372
1972,parking_entrance,-89.2812914,43.089295
1973,parking_entrance,-89.2821852,43.0893584
1974,parking_entrance,-89.2837295,43.0909891
1975,waste_disposal,-89.3942199,43.0773222
1976,bench,-89.3591018,43.0879843
1977,bicycle_parking,-89.3697853,43.0789875
1978,bicycle_rental,-89.3992371,43.0723258
1979,parking_entrance,-89.352189,43.0921294
1980,public_bookcase,-89.3668749,43.0896426
1981,bicycle_parking,-89.3754593,43.0850829
1982,bicycle_parking,-89.365263,43.0892841
1983,bicycle_parking,-89.3649212,43.0890261
1984,waste_basket,-89.3762581,43.0845734
1985,public_bookcase,-89.3682174,43.0886806
1986,bicycle_parking,-89.3699759,43.0874018
1987,waste_basket,-89.3797104,43.0818198
1988,bicycle_parking,-89.377077,43.0837616
1989,bicycle_parking,-89.3772734,43.0838047
1990,bicycle_parking,-89.3769193,43.0840513
1991,bicycle_parking,-89.3760112,43.0845061
1992,animal_boarding,-89.3770148,43.0837258
1993,bicycle_parking,-89.3762885,43.0843004
1994,waste_basket,-89.376246,43.0843381
1995,bicycle_parking,-89.3762791,43.0846022
1996,bicycle_parking,-89.3760859,43.0846201
1997,bicycle_parking,-89.5023718,43.0484194
1998,bicycle_parking,-89.3450068,43.0936918
1999,bicycle_parking,-89.3550251,43.0919691
2000,public_bookcase,-89.3704163,43.0802246
2001,drinking_water,-89.3812381,43.0725502
2002,post_box,-89.3813818,43.0724031
2003,bench,-89.3811372,43.0724861
2004,bench,-89.3811424,43.0725361
2005,bench,-89.3812653,43.0723973
2006,bench,-89.3813305,43.0723984
2007,waste_basket,-89.3811474,43.0724678
2008,waste_basket,-89.3812332,43.0724043
2009,bicycle_parking,-89.3814282,43.0729028
2010,bicycle_parking,-89.3816978,43.0731103
2011,bicycle_parking,-89.3834199,43.0725121
2012,bicycle_parking,-89.3835146,43.0725841
2013,bicycle_parking,-89.3835009,43.0724304
2014,cafe,-89.407727,43.0673995
2015,bicycle_parking,-89.4267043,43.0788368
2016,bicycle_parking,-89.354419,43.0922454
2017,waste_basket,-89.3554988,43.0917729
2018,bank,-89.5072245,43.0609843
2019,fast_food,-89.5074666,43.0609977
2020,bench,-89.5122443,43.06936
2021,bench,-89.5113283,43.0693051
2022,drinking_water,-89.5120204,43.0694188
2023,bench,-89.3891088,43.0747347
2024,bench,-89.3890092,43.0747339
2025,bench,-89.3891334,43.0748389
2026,bicycle_parking,-89.3890195,43.0748316
2027,bicycle_parking,-89.3894491,43.074838
2028,theatre,-89.3552126,43.0917147
2029,music_school,-89.3552603,43.0916508
2030,restaurant,-89.3107486,43.1222437
2031,charging_station,-89.4208377,43.0363486
2032,charging_station,-89.4208423,43.0362977
2033,post_office,-89.3191389,43.1017573
2034,waste_basket,-89.3644139,43.0833875
2035,social_facility,-89.3644084,43.0833921
2036,waste_basket,-89.3653712,43.083934
2037,recycling,-89.3653626,43.0839281
2038,bench,-89.3657947,43.0842243
2039,bench,-89.3657765,43.0842434
2040,waste_basket,-89.365833,43.0842073
2041,recycling,-89.3658192,43.0842112
2042,bar,-89.3623001,43.0874707
2043,post_box,-89.395448,43.067642
2044,bicycle_parking,-89.395399,43.0676331
2045,bicycle_parking,-89.394877,43.0676441
2046,events_venue,-89.3953785,43.0682751
2047,bank,-89.4515331,43.074691
2048,clinic,-89.3189359,43.1627091
2049,bicycle_parking,-89.5039583,43.0697725
2050,bicycle_parking,-89.5039804,43.0697587
2051,restaurant,-89.3795873,43.0822492
2052,bicycle_parking,-89.3610099,43.0890742
2053,street_vendor,-89.3983028,43.0749633
2054,bar,-89.3911319,43.0701788
2055,bicycle_rental,-89.4124688,43.0763291
2056,cafe,-89.351079,43.106607
2057,marketplace,-89.3343968,43.0945392
2058,marketplace,-89.3860989,43.0747172
2059,marketplace,-89.3673408,43.0831569
2060,marketplace,-89.4546759,43.0716319
2061,marketplace,-89.4223313,43.060529
2062,marketplace,-89.3618414,43.1282021
2063,marketplace,-89.394588,43.0504031
2064,marketplace,-89.4703486,43.0760892
2065,waste_basket,-89.3859628,43.0745738
2066,bench,-89.3858385,43.074484
2067,bench,-89.3858063,43.0744634
2068,bench,-89.385653,43.0743451
2069,bench,-89.3856154,43.0743161
2070,waste_basket,-89.3855771,43.0742872
2071,bench,-89.3854319,43.0741791
2072,bench,-89.3854669,43.0742017
2073,bench,-89.3853445,43.0741973
2074,bicycle_parking,-89.3850474,43.0738839
2075,drinking_water,-89.3850611,43.0739105
2076,bench,-89.3848998,43.0738546
2077,waste_basket,-89.3849808,43.0738308
2078,bench,-89.3848952,43.0737664
2079,bench,-89.3849279,43.0737872
2080,bench,-89.384672,43.0736781
2081,bench,-89.3847408,43.0736493
2082,bench,-89.384714,43.0736254
2083,bench,-89.3844337,43.0735053
2084,bench,-89.3845537,43.0735102
2085,bench,-89.3845243,43.0734869
2086,drinking_water,-89.3840361,43.0733852
2087,bench,-89.3839765,43.0734996
2088,bench,-89.3838795,43.0734775
2089,bench,-89.3838469,43.0735001
2090,bench,-89.3837309,43.0736714
2091,bench,-89.3836848,43.0736162
2092,bench,-89.3836435,43.0736482
2093,bench,-89.3834877,43.0738397
2094,bench,-89.3834615,43.073773
2095,bench,-89.3834909,43.0737498
2096,bicycle_parking,-89.383328,43.073874
2097,bicycle_parking,-89.3830673,43.0740499
2098,bench,-89.3830308,43.0741608
2099,bench,-89.3829362,43.0741428
2100,bench,-89.382906,43.0741648
2101,bench,-89.3827169,43.0743001
2102,bench,-89.3827495,43.0742769
2103,bench,-89.3825413,43.0745027
2104,bench,-89.3825174,43.0744371
2105,bench,-89.3825532,43.0744121
2106,bench,-89.3826087,43.0746264
2107,bench,-89.3826087,43.0747223
2108,bench,-89.3829899,43.0747308
2109,bench,-89.3829887,43.074634
2110,drinking_water,-89.3823812,43.0748005
2111,bench,-89.3825407,43.0748456
2112,bench,-89.3825007,43.0749081
2113,bench,-89.382528,43.074932
2114,bench,-89.3827736,43.0750211
2115,bench,-89.3826954,43.0750503
2116,bench,-89.3827218,43.0750722
2117,bench,-89.3830147,43.0752025
2118,bench,-89.3829128,43.0752244
2119,bench,-89.3828782,43.0751971
2120,bicycle_parking,-89.3830392,43.0753187
2121,bicycle_parking,-89.3832894,43.0755068
2122,bench,-89.3834459,43.0755354
2123,bench,-89.3836833,43.0757154
2124,bench,-89.3839198,43.0758895
2125,drinking_water,-89.3843137,43.0760158
2126,bench,-89.384371,43.0758942
2127,bench,-89.384613,43.0757214
2128,bench,-89.3848623,43.0755586
2129,bicycle_parking,-89.3852707,43.075352
2130,bicycle_parking,-89.3850242,43.0755201
2131,bench,-89.3853207,43.0752377
2132,bench,-89.38556,43.0750623
2133,bench,-89.3858038,43.0748915
2134,waste_disposal,-89.3956614,43.073909
2135,restaurant,-89.3936215,43.0749542
2136,parking_entrance,-89.3862291,43.0704802
2137,place_of_worship,-89.3181781,43.0757414
2138,cafe,-89.5050953,43.0582604
2139,restaurant,-89.5048191,43.0584922
2140,restaurant,-89.5049518,43.0585171
2141,vending_machine,-89.5047387,43.0582984
2142,parking_entrance,-89.3959013,43.0680287
2143,atm,-89.395802,43.0677939
2144,parking_entrance,-89.4288677,43.0726636
2145,post_box,-89.4287986,43.0719797
2146,parking_entrance,-89.4301021,43.0726683
2147,bicycle_parking,-89.3894396,43.0719684
2148,vending_machine,-89.5085382,43.0524483
2149,vending_machine,-89.5085382,43.0524635
2150,bicycle_parking,-89.508628,43.0517432
2151,restaurant,-89.354489,43.0922707
2152,bar,-89.3810698,43.0745258
2153,cafe,-89.4353236,43.0530501
2154,atm,-89.3978553,43.0748094
2155,cafe,-89.3979538,43.0748051
2156,restaurant,-89.3963483,43.0747775
2157,restaurant,-89.3951001,43.0747582
2158,fast_food,-89.3964289,43.0749936
2159,fast_food,-89.3961617,43.0749885
2160,dojo,-89.3942706,43.0749682
2161,loading_dock,-89.3042766,43.1272118
2162,loading_dock,-89.3038865,43.1265244
2163,loading_dock,-89.3038272,43.1261996
2164,loading_dock,-89.3037241,43.1261117
2165,loading_dock,-89.3035402,43.1255251
2166,drinking_water,-89.3038768,43.1251053
2167,loading_dock,-89.3066236,43.1233117
2168,fast_food,-89.3046392,43.1255989
2169,clinic,-89.3061235,43.125707
2170,drinking_water,-89.4133944,43.075988
2171,drinking_water,-89.4135704,43.0761667
2172,bar,-89.3883517,43.0748881
2173,post_box,-89.3504288,43.1030333
2174,post_box,-89.3459943,43.101769
2175,post_box,-89.3527533,43.0924465
2176,post_box,-89.3511455,43.0903891
2177,post_box,-89.364075,43.0944875
2178,ice_cream,-89.4282416,43.071964
2179,loading_dock,-89.4121498,43.0762575
2180,restaurant,-89.3687306,43.0810888
2181,bicycle_parking,-89.374281,43.0810635
2182,public_bookcase,-89.4189525,43.0681065
2183,parking_entrance,-89.3728775,43.0783207
2184,parking_entrance,-89.3728131,43.0782712
2185,cafe,-89.3066263,43.0852443
2186,loading_dock,-89.5633634,43.0783409
2187,fast_food,-89.4369781,43.0740925
2188,arts_centre,-89.3734803,43.0804026
2189,bicycle_parking,-89.3751893,43.0761116
2190,bicycle_parking,-89.3749661,43.0761518
2191,bicycle_parking,-89.3743761,43.0762777
2192,bicycle_parking,-89.3722927,43.0777485
2193,parking_entrance,-89.3595155,43.1136765
2194,theatre,-89.3708699,43.0853024
2195,bar,-89.3553839,43.1233475
2196,pub,-89.3809981,43.0751144
2197,bicycle_rental,-89.4508561,43.0536866
2198,parking_entrance,-89.4572769,43.0746484
2199,bicycle_parking,-89.2925822,43.0428533
2200,doctors,-89.3750938,43.0767128
2201,restaurant,-89.3749168,43.0765893
2202,parking_entrance,-89.3478849,43.0998032
2203,restaurant,-89.4475799,43.0749549
2204,fast_food,-89.4131803,43.0673982
2205,clinic,-89.3108029,43.1253981
2206,vending_machine,-89.3961016,43.0699357
2207,arts_centre,-89.3710814,43.0851284
2208,bicycle_parking,-89.5077246,43.0511634
2209,parking_entrance,-89.4564052,43.0719863
2210,cafe,-89.5262575,43.0728947
2211,bicycle_parking,-89.5179196,43.0566262
2212,public_bookcase,-89.5174191,43.0578706
2213,parking,-89.5172562,43.0580189
2214,drinking_water,-89.4642784,43.0763792
2215,bicycle_parking,-89.4018174,43.0771823
2216,bicycle_parking,-89.4015731,43.077169
2217,bicycle_parking,-89.4020974,43.077199
2218,bench,-89.4016304,43.07726
2219,bench,-89.4015796,43.0772554
2220,bench,-89.4019175,43.0772941
2221,bench,-89.4018627,43.0772898
2222,bicycle_parking,-89.5032077,43.0609379
2223,fast_food,-89.50316,43.0610765
2224,bicycle_rental,-89.3474419,43.0941934
2225,bicycle_rental,-89.4039568,43.0716211
2226,bicycle_rental,-89.3955079,43.0380325
2227,restaurant,-89.3487346,43.0986037
2228,public_bookcase,-89.3601484,43.0854593
2229,public_bookcase,-89.4163392,43.0617842
2230,public_bookcase,-89.416681,43.0660483
2231,bicycle_parking,-89.401614,43.0669706
2232,bicycle_parking,-89.3625627,43.1278421
2233,bicycle_parking,-89.3628864,43.1278449
2234,bicycle_parking,-89.3498463,43.0980936
2235,bicycle_parking,-89.3495823,43.0982506
2236,bicycle_parking,-89.3499557,43.0984612
2237,bicycle_parking,-89.5123702,43.0568066
2238,bicycle_parking,-89.5129191,43.0568124
2239,bicycle_parking,-89.3640692,43.0945468
2240,bicycle_parking,-89.3004977,43.155147
2241,bicycle_parking,-89.3618518,43.1295504
2242,bicycle_parking,-89.317898,43.0987839
2243,cafe,-89.4747899,43.0497097
2244,bicycle_parking,-89.3609227,43.0860515
2245,bicycle_parking,-89.3608333,43.0859024
2246,waste_basket,-89.3608499,43.0858944
2247,restaurant,-89.5031784,43.0612293
2248,bicycle_parking,-89.358639,43.0878548
2249,bicycle_parking,-89.3586486,43.0876242
2250,bicycle_parking,-89.3588017,43.0874883
2251,bicycle_parking,-89.3606444,43.0859723
2252,bicycle_parking,-89.360959,43.0858209
2253,bicycle_parking,-89.3202845,43.0974713
2254,bicycle_parking,-89.4347556,43.0723805
2255,drinking_water,-89.4347162,43.0723856
2256,post_box,-89.3617987,43.0814164
2257,polling_station,-89.3634733,43.0837352
2258,cafe,-89.3599731,43.0922149
2259,parking_entrance,-89.3606873,43.0918972
2260,parking_entrance,-89.3601977,43.0924608
2261,parking_entrance,-89.3601423,43.0924103
2262,parking_entrance,-89.3608952,43.0926593
2263,bicycle_parking,-89.3610925,43.0919894
2264,bicycle_parking,-89.3606503,43.0918933
2265,bar,-89.3920584,43.050067
2266,bar,-89.3545725,43.0925632
2267,school,-89.3527741,43.0922933
2268,community_centre,-89.3525058,43.092231
2269,clinic,-89.3537858,43.0924278
2270,studio,-89.353702,43.0933659
2271,childcare,-89.3546967,43.0930552
2272,childcare,-89.3508808,43.0977689
2273,cafe,-89.3555582,43.0918346
2274,bicycle_parking,-89.5065044,43.0619314
2275,bicycle_parking,-89.5041843,43.0627064
2276,bicycle_parking,-89.5044773,43.061318
2277,kindergarten,-89.503553,43.0698214
2278,bicycle_rental,-89.3925249,43.0490008
2279,cafe,-89.2786331,43.0849472
2280,restaurant,-89.2782743,43.0849612
2281,dentist,-89.403812,43.0678777
2282,restaurant,-89.3869013,43.073117
2283,research_institute,-89.3869714,43.0730804
2284,bicycle_parking,-89.3486381,43.0934983
2285,cafe,-89.349883,43.0932732
2286,vending_machine,-89.3818469,43.0745313
2287,post_box,-89.381656,43.0749001
2288,bicycle_parking,-89.3815377,43.0746894
2289,bicycle_parking,-89.3814756,43.0746111
2290,dentist,-89.4293778,43.0571425
2291,restaurant,-89.4286133,43.0575381
2292,restaurant,-89.4281429,43.0575471
2293,dentist,-89.4745531,43.0485623
2294,bicycle_parking,-89.4004296,43.0747212
2295,bicycle_parking,-89.4002771,43.0750059
2296,bicycle_parking,-89.4006788,43.0758709
2297,bicycle_parking,-89.4006848,43.0757151
2298,bicycle_parking,-89.3962078,43.0700029
2299,cafe,-89.3770906,43.0836507
2300,bench,-89.4045546,43.073851
2301,bench,-89.4045607,43.0735719
2302,bench,-89.4043533,43.0737513
2303,bench,-89.4037473,43.073774
2304,bench,-89.4036055,43.0736157
2305,bar,-89.3959635,43.0735635
2306,restaurant,-89.3934006,43.0746166
2307,pub,-89.4081487,43.0676378
2308,bicycle_parking,-89.3723135,43.0787275
2309,bicycle_parking,-89.3715454,43.078365
2310,bicycle_parking,-89.3692082,43.0799745
2311,bicycle_rental,-89.3692199,43.0845807
2312,bicycle_parking,-89.3692856,43.0846179
2313,bicycle_parking,-89.3692682,43.0849137
2314,bicycle_parking,-89.4173357,43.0646969
2315,bicycle_rental,-89.3566462,43.1062682
2316,bicycle_parking,-89.4004567,43.0768493
2317,bicycle_rental,-89.4186887,43.0766001
2318,bicycle_parking,-89.3612397,43.085582
2319,bicycle_parking,-89.3613269,43.0855565
2320,bicycle_rental,-89.3871915,43.0531203
2321,bicycle_rental,-89.3211858,43.0973762
2322,bicycle_parking,-89.3977516,43.0543881
2323,bicycle_rental,-89.3880757,43.0745899
2324,bicycle_parking,-89.4608461,43.0738093
2325,bicycle_parking,-89.4599194,43.0745866
2326,bicycle_parking,-89.3631494,43.083748
2327,bicycle_parking,-89.3755258,43.0814698
2328,bicycle_parking,-89.3753984,43.0813523
2329,bicycle_parking,-89.3749344,43.0814992
2330,bicycle_parking,-89.374638,43.0817108
2331,bicycle_parking,-89.3746594,43.0818665
2332,bicycle_parking,-89.3887343,43.0692836
2333,bicycle_parking,-89.4117191,43.0674146
2334,bicycle_parking,-89.4178396,43.0650997
2335,bicycle_rental,-89.4287983,43.0570816
2336,bicycle_parking,-89.4306817,43.0767707
2337,bicycle_parking,-89.4732562,43.0612286
2338,bicycle_parking,-89.4718358,43.0505858
2339,bicycle_parking,-89.471831,43.0508001
2340,bicycle_parking,-89.471841,43.0512025
2341,bicycle_parking,-89.4714943,43.0503595
2342,bicycle_parking,-89.4744576,43.0477479
2343,bicycle_parking,-89.4737766,43.0511929
2344,bicycle_parking,-89.4755393,43.0503513
2345,bicycle_parking,-89.4755409,43.0503883
2346,bicycle_parking,-89.4755782,43.0523024
2347,bicycle_parking,-89.4743947,43.0532953
2348,bicycle_parking,-89.4701743,43.0544442
2349,bicycle_parking,-89.4468314,43.0601384
2350,bicycle_parking,-89.4461154,43.059277
2351,bicycle_parking,-89.4445562,43.054451
2352,bicycle_parking,-89.4539516,43.0689897
2353,bicycle_parking,-89.4535082,43.0688547
2354,bicycle_parking,-89.4527347,43.0693096
2355,bicycle_parking,-89.4520731,43.0688619
2356,bicycle_parking,-89.4011997,43.0757567
2357,bicycle_parking,-89.387261,43.0739503
2358,bicycle_parking,-89.4718744,43.0510942
2359,bicycle_parking,-89.4718368,43.050586
2360,bicycle_parking,-89.4714881,43.0503635
2361,bicycle_parking,-89.365491,43.0832616
2362,bicycle_parking,-89.3979769,43.0543862
2363,bicycle_parking,-89.4059999,43.0711406
2364,bicycle_rental,-89.4339037,43.0862969
2365,bicycle_parking,-89.4920196,43.0556349
2366,bicycle_parking,-89.4011937,43.0759738
2367,bicycle_parking,-89.3184539,43.0974229
2368,bicycle_parking,-89.3348815,43.094451
2369,bicycle_parking,-89.3454738,43.093794
2370,bicycle_parking,-89.345868,43.0937635
2371,bicycle_parking,-89.3475221,43.0941575
2372,bicycle_parking,-89.3534345,43.0918499
2373,bicycle_parking,-89.3551523,43.0924391
2374,bicycle_parking,-89.3686064,43.0811258
2375,bicycle_parking,-89.4755314,43.0509246
2376,bicycle_parking,-89.4551914,43.0488733
2377,bicycle_rental,-89.3241584,43.079127
2378,bicycle_parking,-89.3817825,43.0747825
2379,bicycle_parking,-89.3787183,43.0769988
2380,bicycle_parking,-89.3727765,43.0784275
2381,bicycle_parking,-89.3749919,43.0757159
2382,bicycle_parking,-89.3739937,43.0803903
2383,bicycle_parking,-89.3739328,43.0804167
2384,bicycle_parking,-89.374827,43.0809092
2385,bicycle_parking,-89.4615418,43.0743013
2386,bicycle_parking,-89.4565022,43.0743233
2387,bicycle_parking,-89.4792859,43.0645664
2388,bicycle_parking,-89.4888613,43.0535225
2389,bicycle_parking,-89.3705518,43.0825778
2390,bicycle_parking,-89.3741963,43.0830654
2391,bicycle_parking,-89.3741062,43.0831012
2392,bicycle_parking,-89.354772,43.0921575
2393,bicycle_parking,-89.4535209,43.0744631
2394,bicycle_rental,-89.4062279,43.0761174
2395,bicycle_parking,-89.3946211,43.0732917
2396,bicycle_parking,-89.4000045,43.0638973
2397,bicycle_parking,-89.3626409,43.0846723
2398,bicycle_parking,-89.3839147,43.0762323
2399,bicycle_parking,-89.3839829,43.0763079
2400,bicycle_parking,-89.3839705,43.0764524
2401,bicycle_parking,-89.3842001,43.076612
2402,bicycle_parking,-89.3843377,43.0764566
2403,bicycle_parking,-89.3842797,43.0762942
2404,bicycle_parking,-89.3844774,43.0761679
2405,bicycle_parking,-89.3848468,43.0759111
2406,bicycle_parking,-89.3828888,43.0757611
2407,bicycle_parking,-89.3826907,43.0756139
2408,bicycle_parking,-89.382361,43.0743045
2409,bicycle_parking,-89.3828253,43.0738107
2410,bicycle_parking,-89.3829648,43.0736385
2411,bicycle_parking,-89.3823449,43.0734423
2412,bicycle_parking,-89.3490515,43.1129463
2413,bicycle_parking,-89.3922324,43.0684598
2414,bicycle_parking,-89.4280519,43.0579333
2415,bicycle_parking,-89.428125,43.0580279
2416,bicycle_parking,-89.4283154,43.0576683
2417,dentist,-89.4681897,43.0761226
2418,bicycle_parking,-89.4686859,43.0762127
2419,bicycle_parking,-89.4499847,43.0540045
2420,bicycle_parking,-89.4003635,43.0718849
2421,bicycle_parking,-89.3960135,43.074939
2422,bicycle_parking,-89.3944003,43.0732871
2423,bicycle_parking,-89.3949186,43.0732913
2424,bicycle_parking,-89.3483628,43.1004407
2425,bicycle_parking,-89.4444981,43.0749682
2426,bicycle_parking,-89.39394,43.0695308
2427,bicycle_parking,-89.3974461,43.076519
2428,bicycle_parking,-89.3654307,43.0840296
2429,bicycle_parking,-89.3654642,43.0840854
2430,bicycle_parking,-89.3300964,43.0881126
2431,bicycle_parking,-89.3662599,43.087541
2432,bench,-89.3753384,43.0836216
2433,bicycle_parking,-89.4517575,43.0712301
2434,bicycle_parking,-89.4517542,43.0714734
2435,charging_station,-89.3747643,43.0821576
2436,bicycle_parking,-89.3659302,43.08195
2437,bicycle_parking,-89.3660737,43.0818726
2438,bicycle_parking,-89.366311,43.0820411
2439,bicycle_parking,-89.3723427,43.0855834
2440,bicycle_parking,-89.3694375,43.0797587
2441,bicycle_parking,-89.3689044,43.0801702
2442,bicycle_parking,-89.3687589,43.0802706
2443,bicycle_parking,-89.3682453,43.0806506
2444,bicycle_parking,-89.3713673,43.0839853
2445,bicycle_parking,-89.3710187,43.0842371
2446,bicycle_parking,-89.3707102,43.0844467
2447,bicycle_parking,-89.3703112,43.0847302
2448,bicycle_parking,-89.3702113,43.0847973
2449,bicycle_parking,-89.371866,43.0838856
2450,bicycle_parking,-89.3584624,43.0877461
2451,bicycle_parking,-89.3697791,43.0796386
2452,bicycle_parking,-89.3698917,43.0795499
2453,bicycle_parking,-89.3699481,43.0801612
2454,bicycle_parking,-89.3706065,43.0852798
2455,bicycle_parking,-89.3708144,43.0854453
2456,bicycle_parking,-89.3710357,43.0854159
2457,bicycle_parking,-89.3712033,43.0853043
2458,bicycle_parking,-89.3714454,43.0851272
2459,bicycle_parking,-89.3629545,43.0843421
2460,bicycle_parking,-89.3615759,43.0852897
2461,bicycle_parking,-89.3629062,43.0846398
2462,bicycle_parking,-89.3609273,43.0855575
2463,bicycle_parking,-89.3608107,43.0856403
2464,bench,-89.3722047,43.0962184
2465,bench,-89.3722301,43.0959887
2466,bench,-89.3722409,43.0957694
2467,bench,-89.3722489,43.0955583
2468,bench,-89.3723133,43.0953287
2469,bench,-89.3722999,43.0953125
2470,bench,-89.3722972,43.0952895
2471,bench,-89.3719358,43.0951901
2472,bench,-89.3715884,43.0951147
2473,bench,-89.3712485,43.0950422
2474,bench,-89.3708079,43.0946603
2475,bench,-89.3708636,43.09444
2476,bench,-89.3707563,43.093515
2477,bench,-89.3537122,43.0856577
2478,bench,-89.35311,43.0860622
2479,bench,-89.3502508,43.0884637
2480,bench,-89.3517944,43.0871719
2481,bench,-89.3523161,43.0866342
2482,bench,-89.3568665,43.0871307
2483,bicycle_parking,-89.3502708,43.1033326
2484,bench,-89.3772036,43.0865994
2485,bench,-89.3773619,43.0868535
2486,bench,-89.3770762,43.0870043
2487,bicycle_parking,-89.3765227,43.0861338
2488,bicycle_parking,-89.3758629,43.0865981
2489,bicycle_parking,-89.3763229,43.0868929
2490,bicycle_parking,-89.3769264,43.086376
2491,bicycle_parking,-89.3741311,43.0820414
2492,bicycle_parking,-89.3738455,43.0822388
2493,bicycle_parking,-89.3741647,43.0827055
2494,bicycle_parking,-89.3738971,43.0817289
2495,bicycle_parking,-89.3739689,43.0816814
2496,bicycle_parking,-89.377181,43.0836818
2497,bicycle_parking,-89.3770683,43.0831618
2498,restaurant,-89.3720478,43.0780433
2499,parking_entrance,-89.3704274,43.078488
2500,charging_station,-89.5045149,43.0625502
2501,bicycle_parking,-89.3878878,43.0764756
2502,charging_station,-89.5015032,43.0646161
2503,bicycle_parking,-89.4855369,43.0884316
2504,restaurant,-89.5026128,43.0480049
2505,childcare,-89.4363911,43.088425
2506,shelter,-89.4291211,43.0842781
2507,restaurant,-89.4181216,43.0640971
2508,restaurant,-89.4128725,43.0675344
2509,parking_entrance,-89.3724727,43.0783786
2510,restaurant,-89.3909228,43.0752098
2511,restaurant,-89.3663893,43.0820157
2512,waste_basket,-89.3990496,43.0755028
2513,waste_basket,-89.3990879,43.0754851
2514,waste_basket,-89.3993042,43.0754606
2515,waste_basket,-89.3993112,43.0753204
2516,waste_basket,-89.3989171,43.0752691
2517,waste_basket,-89.3988824,43.0752834
2518,clinic,-89.3743185,43.0769002
2519,charging_station,-89.5015041,43.0645849
2520,restaurant,-89.2995665,43.0845372
2521,restaurant,-89.4055202,43.0678768
2522,restaurant,-89.3812303,43.0747681
2523,parking_entrance,-89.3645739,43.1017136
2524,bicycle_parking,-89.3625624,43.0874622
2525,bicycle_rental,-89.395172,43.0410159
2526,bicycle_rental,-89.3471584,43.111576
2527,post_box,-89.4552923,43.0331654
2528,post_box,-89.4755599,43.0511702
2529,post_box,-89.4682825,43.0584475
2530,post_box,-89.4717924,43.0560462
2531,post_box,-89.4782893,43.0323598
2532,post_box,-89.4977243,43.0321517
2533,post_box,-89.4556646,43.03909
2534,post_box,-89.4110226,43.0688338
2535,post_box,-89.4090939,43.0679145
2536,post_box,-89.5107286,43.0582196
2537,post_box,-89.5195372,43.0637377
2538,post_box,-89.5251385,43.0761639
2539,post_box,-89.5251426,43.0761531
2540,post_box,-89.525109,43.0762628
2541,post_box,-89.5251101,43.0762557
2542,post_box,-89.5251128,43.0762494
2543,post_box,-89.4744537,43.0483008
2544,post_box,-89.4745743,43.0563022
2545,post_box,-89.4921747,43.059112
2546,post_box,-89.492162,43.0591105
2547,post_box,-89.4915189,43.0552602
2548,post_box,-89.4915199,43.0552711
2549,prep_school,-89.4917041,43.055324
2550,post_box,-89.5145309,43.0595745
2551,dentist,-89.51504,43.0601947
2552,post_box,-89.5020412,43.060037
2553,bicycle_parking,-89.5047044,43.0572577
2554,post_box,-89.5047602,43.057127
2555,post_box,-89.5246879,43.0720368
2556,post_box,-89.4981588,43.0162132
2557,parking_entrance,-89.4587931,43.0745975
2558,veterinary,-89.5120639,43.0610049
2559,restaurant,-89.5122859,43.0610054
2560,bicycle_parking,-89.5034735,43.0603337
2561,veterinary,-89.498494,43.0569105
2562,fast_food,-89.5231767,43.0560787
2563,parking_entrance,-89.4524632,43.0690296
2564,bicycle_parking,-89.3256734,43.1259092
2565,bicycle_parking,-89.3300898,43.1219313
2566,bicycle_parking,-89.3295923,43.1210873
2567,bicycle_parking,-89.329632,43.1209724
2568,bicycle_parking,-89.3295566,43.1210129
2569,bicycle_parking,-89.3307362,43.1212063
2570,bicycle_parking,-89.3319569,43.1209242
2571,bicycle_parking,-89.3353764,43.1209501
2572,bicycle_parking,-89.3296966,43.1234979
2573,bicycle_parking,-89.374745,43.0831975
2574,bicycle_parking,-89.3747803,43.0832249
2575,bicycle_parking,-89.3748524,43.0832743
2576,bicycle_parking,-89.374884,43.083299
2577,bicycle_parking,-89.3742284,43.0830933
2578,bicycle_parking,-89.3741652,43.083049
2579,bicycle_parking,-89.3741366,43.083025
2580,bicycle_parking,-89.3742241,43.0832007
2581,bicycle_parking,-89.3741297,43.083269
2582,cafe,-89.3737061,43.081735
2583,public_bookcase,-89.3611342,43.0843991
2584,restaurant,-89.3792919,43.074499
2585,bar,-89.3737348,43.0815399
2586,restaurant,-89.3218556,43.0834732
2587,restaurant,-89.3735931,43.0814739
2588,fast_food,-89.4354107,43.0736182
2589,fast_food,-89.4355154,43.073658
2590,bicycle_parking,-89.4983049,43.0568311
2591,bicycle_parking,-89.4990344,43.0570937
2592,social_facility,-89.2958248,43.0582928
2593,charging_station,-89.4817114,43.0510969
2594,restaurant,-89.3587394,43.0874626
2595,drinking_water,-89.4336129,43.023969
2596,drinking_water,-89.2935111,43.093903
2597,drinking_water,-89.3031219,43.0979522
2598,drinking_water,-89.295995,43.0881917
2599,drinking_water,-89.2960453,43.1093887
2600,drinking_water,-89.2906809,43.1143073
2601,drinking_water,-89.301399,43.1109708
2602,drinking_water,-89.3194116,43.1216598
2603,drinking_water,-89.3080178,43.0988305
2604,drinking_water,-89.3302807,43.0971411
2605,drinking_water,-89.368809,43.0778119
2606,bench,-89.4003852,43.0751381
2607,bench,-89.4001759,43.075143
2608,bench,-89.4002449,43.0750819
2609,bicycle_parking,-89.3990715,43.0746284
2610,bicycle_parking,-89.4006682,43.0760211
2611,waste_basket,-89.3994087,43.0749766
2612,waste_basket,-89.3993963,43.0749772
2613,restaurant,-89.3648587,43.0886272
2614,dentist,-89.3723978,43.1350261
2615,public_bookcase,-89.3514747,43.1104089
2616,bicycle_rental,-89.4039764,43.065181
2617,restaurant,-89.3604861,43.0918897
2618,bench,-89.4388921,43.0653169
2619,bicycle_parking,-89.4593494,43.0654709
2620,bicycle_parking,-89.4593842,43.0654454
2621,drinking_water,-89.4388533,43.0657976
2622,post_box,-89.3936044,43.074671
2623,bicycle_parking,-89.3969415,43.0749309
2624,public_bookcase,-89.385733,43.0740485
2625,public_bookcase,-89.3563582,43.0840049
2626,public_bookcase,-89.4841317,43.0864647
2627,public_bookcase,-89.4476016,43.0628948
2628,bicycle_parking,-89.3839623,43.0791945
2629,bicycle_parking,-89.3841677,43.0782226
2630,bicycle_parking,-89.3838734,43.0776432
2631,bicycle_parking,-89.3839559,43.0774199
2632,clinic,-89.4909344,43.0574141
2633,bicycle_parking,-89.525477,43.0658883
2634,marketplace,-89.3925069,43.0749314
2635,bar,-89.3913966,43.07469
2636,bar,-89.391561,43.0747002
2637,bar,-89.3917775,43.0745758
2638,cafe,-89.3934656,43.0749681
2639,restaurant,-89.3949378,43.0749799
2640,bicycle_rental,-89.4594661,43.074034
2641,bicycle_repair_station,-89.4595394,43.0740362
2642,bicycle_parking,-89.3843761,43.0729472
2643,bicycle_parking,-89.3854638,43.073643
2644,bicycle_parking,-89.3856506,43.07352
2645,bench,-89.3991028,43.0727158
2646,bench,-89.3992291,43.0725922
2647,bench,-89.3992215,43.0727205
2648,bench,-89.3991077,43.0725924
2649,atm,-89.4003634,43.0600248
2650,bicycle_rental,-89.3598026,43.0964607
2651,fast_food,-89.3013773,43.0850266
2652,restaurant,-89.3009211,43.0851491
2653,fast_food,-89.3008281,43.0852875
2654,restaurant,-89.3003409,43.0853604
2655,nightclub,-89.3848247,43.072436
2656,loading_dock,-89.459786,43.0352733
2657,bar,-89.3458256,43.1340159
2658,veterinary,-89.3962853,43.0532932
2659,bicycle_parking,-89.4133695,43.0735658
2660,bicycle_parking,-89.4134524,43.0735707
2661,bicycle_parking,-89.4135533,43.0735835
2662,bicycle_parking,-89.4136405,43.0735922
2663,bench,-89.3844304,43.0759145
2664,bench,-89.3836276,43.0757756
2665,bench,-89.3834123,43.0756048
2666,bench,-89.3838216,43.0759121
2667,bench,-89.3844708,43.0758906
2668,bench,-89.3846826,43.0757524
2669,bench,-89.3834592,43.0756416
2670,bench,-89.384633,43.075786
2671,bench,-89.3835852,43.0757428
2672,bench,-89.3837766,43.0758819
2673,cafe,-89.5282658,43.0753208
